0
0
1
5
6
8
8
9
10
12
14
15
15
17
17
18
20
20
20
21
21
21
22
23
23
25
28
29
31
31
31
32
32
33
33
33
34
34
36
37
37
38
40
43
44
45
45
45
47
49
49
50
53
53
54
54
55
56
56
57
57
58
58
60
60
60
63
63
64
65
65
66
66
67
68
68
69
69
70
70
72
72
75
75
76
77
77
79
80
82
83
84
87
87
88
88
90
91
94
95
96
96
97
98
98
98
99
99
99
99
101
101
102
104
105
107
108
109
109
109
112
113
114
114
114
115
118
119
120
122
123
124
125
125
126
127
128
133
133
133
136
136
140
140
140
142
145
147
149
149
149
150
151
153
153
154
155
157
160
165
166
166
171
172
175
176
176
177
178
181
181
183
184
185
185
185
185
187
188
188
188
189
190
191
191
192
192
194
194
194
194
196
197
197
197
203
204
206
206
207
207
208
209
210
213
213
216
216
216
216
217
218
219
220
222
223
223
223
224
224
225
230
230
232
232
232
233
234
234
234
234
235
235
235
235
237
237
238
239
240
241
244
244
245
245
249
250
250
250
250
250
251
255
256
256
258
258
259
260
260
260
263
264
264
266
266
267
268
269
269
269
269
271
272
274
274
275
275
279
280
280
281
281
281
282
282
282
285
287
288
288
289
290
290
291
292
295
297
297
298
300
300
301
301
302
302
302
305
306
307
307
307
307
308
309
310
311
311
312
313
315
316
317
317
320
321
321
323
323
324
324
325
326
329
329
330
330
331
331
333
334
335
337
337
337
338
339
340
342
343
344
344
345
345
346
347
347
348
348
351
352
353
354
354
355
355
356
356
357
358
360
363
363
364
364
365
367
367
367
367
369
370
371
372
372
373
374
376
377
377
378
379
379
380
380
382
382
382
382
384
384
388
389
389
390
390
391
391
393
394
395
396
396
397
397
399
400
400
401
402
403
404
404
405
405
405
405
405
407
407
410
411
411
415
415
415
416
416
418
418
421
422
423
424
426
427
428
431
431
432
433
434
434
435
435
437
440
442
443
443
444
446
446
446
446
447
448
449
449
451
453
454
455
455
456
458
459
460
462
465
465
466
467
468
469
470
470
470
471
472
474
476
476
477
478
478
478
479
483
483
484
484
484
485
486
487
489
489
490
491
493
493
495
497
499
500
500
501
501
502
502
504
505
505
505
506
506
507
508
508
509
509
509
510
511
511
512
515
517
517
518
518
519
520
520
521
522
522
522
522
523
524
524
525
526
526
527
528
528
528
529
529
530
531
531
531
533
534
534
535
536
536
536
537
538
538
539
539
540
540
542
542
543
543
544
546
550
550
552
553
554
556
557
557
557
557
557
558
558
558
559
561
561
561
564
567
567
568
570
572
572
573
573
575
576
576
579
582
584
584
585
587
587
587
591
591
593
593
593
594
597
597
599
601
604
604
605
607
607
608
609
609
610
616
617
618
620
621
621
622
622
622
624
625
627
627
629
630
630
630
631
631
633
633
634
634
635
635
638
638
639
640
642
643
646
647
647
647
648
649
650
650
651
653
654
655
656
657
659
659
660
661
661
662
663
664
667
669
670
671
672
673
675
676
678
678
682
683
684
686
686
687
687
690
690
690
692
693
693
698
698
699
702
702
705
706
707
708
708
709
710
710
710
712
713
714
715
716
717
721
722
724
725
725
727
727
728
728
730
730
730
731
731
731
732
733
733
733
733
735
736
736
738
739
740
742
742
743
744
746
747
750
751
751
752
754
755
758
760
762
762
762
766
768
768
768
768
769
769
770
770
771
771
772
772
775
776
777
777
778
779
780
780
780
780
781
781
781
782
787
788
788
788
789
791
792
792
795
795
797
797
798
798
800
800
801
802
803
803
803
805
805
805
806
809
809
809
811
812
813
814
815
815
815
815
816
818
819
820
821
822
823
824
826
828
829
830
830
831
831
832
833
835
835
837
837
837
837
838
840
840
841
841
841
841
842
843
843
845
846
847
847
848
852
853
854
856
856
857
859
859
860
861
862
862
863
864
868
869
872
873
873
874
874
875
878
880
880
881
882
883
884
884
885
886
887
889
890
891
891
891
896
896
899
900
900
900
901
901
901
903
904
904
905
905
906
906
906
907
908
908
910
910
911
912
913
913
915
917
917
917
918
918
918
918
921
922
922
922
922
923
923
925
926
926
931
933
936
936
938
939
940
940
942
943
944
944
945
945
946
946
947
948
949
950
950
950
950
952
954
956
962
966
966
968
969
971
972
972
972
978
979
979
980
981
984
984
985
988
988
989
990
992
993
993
993
998
999
1000
1003
1003
1005
1006
1006
1007
1008
1010
1010
1011
1013
1014
1015
1016
1016
1021
1022
1023
1024
1027
1029
1029
1031
1032
1032
1033
1034
1035
1037
1044
1045
1046
1046
1046
1047
1048
1049
1049
1051
1051
1051
1054
1057
1058
1059
1061
1065
1066
1067
1067
1068
1070
1070
1070
1070
1071
1072
1074
1077
1078
1078
1081
1081
1082
1082
1082
1083
1085
1085
1085
1085
1086
1086
1087
1091
1094
1094
1095
1096
1097
1097
1098
1098
1099
1100
1100
1102
1102
1104
1104
1106
1106
1109
1109
1110
1111
1111
1113
1113
1114
1114
1115
1115
1116
1117
1118
1118
1119
1120
1120
1121
1122
1123
1123
1124
1126
1126
1126
1127
1127
1128
1128
1130
1131
1131
1133
1134
1138
1139
1140
1144
1144
1145
1145
1146
1147
1147
1147
1149
1149
1150
1150
1151
1153
1156
1157
1158
1158
1159
1159
1160
1160
1163
1165
1169
1169
1169
1170
1170
1173
1174
1174
1175
1175
1176
1179
1180
1180
1183
1185
1185
1186
1186
1188
1188
1189
1189
1189
1191
1194
1197
1200
1200
1203
1204
1206
1207
1208
1210
1211
1212
1213
1215
1217
1217
1218
1219
1222
1222
1223
1223
1224
1225
1226
1226
1228
1228
1228
1230
1230
1231
1231
1231
1231
1234
1235
1235
1237
1237
1237
1237
1241
1244
1245
1245
1245
1247
1247
1249
1250
1252
1257
1257
1258
1259
1259
1259
1260
1261
1262
1262
1263
1268
1270
1270
1271
1273
1275
1277
1277
1279
1281
1282
1283
1283
1284
1287
1287
1289
1289
1289
1291
1292
1292
1293
1294
1296
1297
1299
1299
1301
1302
1302
1303
1304
1305
1306
1307
1310
1311
1311
1312
1316
1318
1318
1318
1318
1318
1319
1319
1319
1319
1320
1320
1321
1323
1325
1327
1330
1332
1332
1333
1333
1335
1335
1336
1338
1340
1340
1342
1343
1344
1345
1348
1349
1350
1351
1352
1352
1352
1353
1354
1355
1356
1356
1356
1356
1357
1357
1357
1357
1359
1360
1360
1360
1362
1362
1363
1364
1364
1365
1365
1366
1367
1369
1370
1370
1371
1371
1372
1372
1374
1375
1375
1377
1377
1377
1377
1379
1381
1381
1382
1383
1383
1383
1384
1385
1386
1387
1387
1387
1387
1389
1390
1391
1395
1397
1397
1398
1398
1399
1400
1400
1403
1403
1406
1409
1409
1410
1410
1410
1411
1411
1413
1413
1413
1414
1414
1415
1416
1417
1418
1418
1418
1420
1421
1421
1422
1424
1424
1425
1426
1426
1429
1429
1429
1430
1432
1432
1432
1434
1436
1437
1437
1438
1441
1442
1442
1443
1445
1446
1448
1448
1448
1448
1449
1452
1452
1453
1454
1455
1456
1456
1457
1457
1459
1460
1461
1461
1462
1463
1463
1466
1466
1466
1467
1467
1468
1468
1469
1470
1470
1472
1475
1479
1480
1480
1480
1480
1481
1482
1482
1483
1484
1484
1486
1486
1491
1492
1492
1492
1494
1494
1495
1495
1496
1497
1498
1498
1500
1500
1501
1501
1502
1502
1502
1504
1504
1505
1505
1506
1506
1507
1509
1509
1512
1513
1514
1514
1517
1518
1522
1523
1526
1527
1527
1530
1530
1531
1532
1534
1534
1534
1535
1535
1536
1536
1537
1538
1539
1539
1541
1543
1544
1544
1545
1545
1545
1546
1548
1548
1548
1549
1551
1554
1554
1554
1555
1555
1556
1556
1557
1558
1558
1558
1558
1560
1560
1562
1564
1565
1566
1567
1569
1571
1571
1571
1571
1574
1574
1577
1578
1580
1582
1582
1584
1586
1587
1587
1587
1589
1589
1592
1592
1593
1594
1594
1595
1598
1599
1600
1601
1603
1603
1603
1605
1605
1606
1606
1608
1609
1609
1610
1610
1611
1612
1612
1613
1614
1617
1618
1619
1619
1620
1620
1621
1622
1625
1626
1626
1628
1628
1630
1631
1633
1633
1633
1634
1635
1639
1639
1639
1640
1640
1641
1641
1642
1645
1646
1647
1648
1651
1651
1653
1653
1654
1654
1656
1657
1658
1659
1660
1662
1663
1663
1664
1665
1665
1668
1668
1669
1671
1671
1672
1676
1679
1679
1682
1687
1692
1692
1693
1696
1696
1696
1696
1697
1698
1700
1700
1700
1703
1704
1706
1706
1707
1709
1709
1709
1711
1712
1713
1713
1714
1714
1715
1716
1716
1717
1718
1718
1720
1722
1722
1723
1724
1726
1726
1730
1730
1732
1733
1734
1736
1738
1738
1740
1742
1743
1743
1746
1747
1747
1748
1749
1751
1751
1751
1752
1752
1752
1753
1755
1755
1757
1759
1760
1761
1761
1762
1765
1768
1769
1770
1770
1771
1772
1772
1773
1776
1776
1777
1777
1778
1778
1778
1781
1782
1782
1782
1782
1784
1784
1787
1787
1788
1790
1792
1792
1793
1793
1793
1794
1794
1795
1798
1799
1799
1799
1803
1803
1804
1804
1806
1806
1809
1811
1812
1812
1813
1813
1814
1814
1816
1816
1817
1819
1819
1819
1822
1825
1825
1828
1829
1831
1831
1832
1833
1836
1837
1838
1838
1839
1840
1841
1842
1844
1847
1847
1850
1852
1852
1854
1857
1860
1861
1862
1864
1864
1864
1864
1865
1867
1868
1869
1869
1870
1871
1872
1872
1874
1875
1877
1879
1879
1881
1882
1882
1884
1885
1885
1886
1887
1888
1888
1888
1889
1890
1891
1893
1895
1895
1896
1899
1899
1899
1901
1903
1903
1904
1906
1907
1907
1907
1910
1911
1911
1912
1913
1913
1914
1916
1916
1916
1917
1918
1918
1918
1919
1919
1919
1921
1921
1923
1923
1925
1926
1926
1927
1927
1927
1928
1928
1932
1933
1933
1934
1935
1935
1936
1938
1939
1942
1944
1945
1946
1947
1948
1950
1952
1952
1953
1954
1955
1955
1955
1957
1960
1961
1961
1962
1963
1963
1964
1965
1966
1966
1967
1968
1969
1970
1970
1971
1971
1971
1972
1972
1973
1975
1975
1975
1979
1982
1983
1984
1984
1984
1986
1987
1992
1993
1995
1997
1997
1998
1998
2001
2002
2004
2006
2007
2007
2009
2011
2012
2012
2012
2014
2014
2014
2016
2016
2017
2017
2018
2020
2020
2021
2022
2023
2026
2028
2029
2029
2030
2032
2033
2034
2036
2036
2036
2036
2039
2040
2041
2043
2043
2044
2045
2045
2048
2048
2049
2049
2052
2053
2055
2057
2057
2060
2060
2061
2063
2064
2065
2065
2065
2065
2066
2068
2069
2070
2070
2071
2072
2073
2077
2077
2078
2078
2080
2081
2081
2082
2083
2083
2083
2086
2087
2087
2088
2089
2090
2091
2092
2092
2092
2092
2095
2097
2097
2098
2098
2100
2101
2102
2103
2103
2103
2104
2106
2106
2106
2107
2108
2110
2111
2113
2113
2115
2115
2116
2118
2119
2119
2120
2123
2124
2124
2126
2127
2129
2130
2131
2132
2133
2135
2135
2136
2136
2143
2144
2147
2147
2149
2150
2150
2151
2152
2153
2153
2154
2159
2160
2162
2163
2167
2167
2167
2168
2168
2169
2171
2171
2173
2174
2174
2174
2174
2175
2175
2175
2179
2179
2179
2180
2182
2182
2184
2184
2186
2188
2189
2189
2190
2190
2192
2193
2193
2194
2194
2194
2194
2195
2195
2197
2199
2199
2199
2200
2202
2202
2202
2202
2203
2204
2204
2205
2206
2206
2208
2208
2209
2213
2213
2215
2216
2216
2219
2220
2220
2220
2221
2222
2222
2223
2224
2225
2228
2229
2229
2231
2233
2234
2234
2234
2237
2239
2240
2240
2242
2244
2244
2244
2246
2247
2247
2248
2248
2250
2251
2251
2251
2252
2252
2253
2253
2253
2253
2255
2255
2256
2256
2257
2258
2261
2261
2265
2265
2265
2265
2266
2268
2269
2270
2270
2272
2273
2274
2274
2274
2275
2276
2278
2279
2280
2282
2284
2285
2285
2286
2286
2288
2289
2289
2289
2293
2293
2295
2296
2296
2296
2297
2297
2298
2298
2298
2299
2299
2300
2301
2301
2302
2302
2305
2306
2306
2306
2309
2309
2309
2310
2313
2315
2315
2316
2316
2317
2317
2317
2318
2318
2319
2319
2321
2324
2325
2326
2330
2330
2334
2334
2335
2335
2336
2336
2336
2336
2337
2337
2337
2338
2338
2339
2340
2341
2341
2342
2343
2347
2347
2347
2348
2350
2351
2353
2353
2353
2353
2353
2355
2356
2356
2356
2356
2358
2358
2359
2360
2361
2362
2364
2365
2365
2367
2367
2367
2369
2369
2370
2370
2370
2371
2371
2373
2375
2378
2381
2382
2382
2384
2385
2386
2388
2388
2390
2391
2391
2392
2392
2394
2395
2395
2395
2396
2400
2402
2403
2403
2405
2405
2405
2406
2408
2409
2411
2413
2413
2417
2418
2419
2420
2420
2420
2422
2423
2424
2424
2424
2425
2426
2426
2427
2427
2430
2431
2431
2431
2431
2432
2432
2432
2432
2432
2433
2437
2439
2441
2441
2442
2442
2443
2444
2444
2444
2444
2445
2445
2446
2446
2448
2449
2450
2450
2450
2451
2452
2454
2455
2456
2459
2460
2461
2461
2462
2462
2462
2463
2463
2464
2468
2468
2469
2469
2470
2470
2473
2473
2474
2474
2475
2476
2478
2478
2479
2479
2480
2480
2483
2484
2484
2485
2486
2487
2487
2488
2489
2489
2490
2492
2492
2493
2496
2496
2496
2496
2497
2497
2499
2499
2499
2499
2500
2501
2502
2502
2503
2504
2508
2508
2509
2509
2510
2511
2513
2514
2514
2514
2516
2516
2518
2519
2520
2520
2523
2523
2523
2523
2524
2525
2526
2526
2526
2527
2527
2528
2530
2531
2532
2535
2536
2536
2537
2539
2539
2541
2541
2541
2542
2543
2544
2546
2549
2551
2552
2553
2553
2557
2559
2560
2561
2562
2564
2564
2564
2564
2565
2565
2568
2570
2573
2573
2573
2575
2575
2576
2576
2578
2583
2583
2583
2588
2588
2589
2590
2591
2591
2593
2594
2595
2596
2596
2598
2599
2599
2599
2601
2602
2602
2604
2606
2606
2608
2608
2609
2609
2609
2611
2612
2614
2614
2616
2619
2621
2621
2624
2624
2625
2626
2627
2627
2628
2628
2629
2631
2634
2634
2634
2635
2635
2637
2643
2643
2643
2643
2645
2646
2647
2648
2648
2649
2650
2650
2650
2653
2654
2657
2658
2658
2658
2659
2661
2662
2662
2663
2663
2664
2664
2664
2669
2671
2672
2672
2672
2673
2673
2675
2676
2678
2679
2679
2680
2680
2681
2683
2686
2686
2687
2688
2689
2691
2693
2694
2694
2695
2700
2701
2702
2702
2703
2705
2705
2705
2706
2706
2707
2709
2710
2711
2713
2714
2714
2715
2716
2716
2717
2717
2718
2718
2718
2720
2721
2721
2721
2721
2721
2721
2722
2722
2722
2723
2723
2723
2724
2725
2728
2728
2729
2730
2730
2732
2733
2734
2735
2735
2735
2737
2738
2738
2739
2741
2742
2742
2742
2742
2742
2743
2743
2744
2744
2745
2747
2747
2748
2749
2749
2751
2752
2753
2753
2755
2756
2760
2762
2765
2766
2767
2767
2769
2770
2771
2772
2772
2774
2775
2776
2778
2779
2779
2779
2781
2781
2782
2782
2783
2785
2785
2785
2786
2788
2788
2789
2790
2791
2792
2793
2793
2793
2796
2796
2797
2797
2797
2798
2798
2798
2799
2801
2802
2803
2803
2804
2805
2806
2806
2807
2809
2809
2811
2812
2813
2813
2814
2816
2816
2816
2817
2818
2819
2820
2821
2822
2822
2823
2823
2824
2824
2825
2827
2829
2829
2829
2830
2831
2831
2831
2835
2835
2836
2836
2836
2836
2838
2839
2840
2840
2842
2843
2844
2845
2847
2847
2847
2849
2851
2852
2853
2853
2854
2854
2857
2857
2858
2858
2858
2861
2862
2862
2862
2862
2863
2863
2865
2866
2866
2866
2869
2870
2872
2874
2874
2874
2874
2875
2875
2876
2877
2878
2879
2883
2886
2887
2887
2888
2888
2889
2890
2891
2891
2891
2892
2893
2893
2894
2895
2895
2895
2896
2896
2897
2897
2897
2899
2899
2900
2901
2901
2901
2903
2905
2905
2906
2906
2906
2909
2911
2911
2912
2913
2914
2916
2923
2923
2924
2924
2925
2925
2926
2926
2929
2929
2930
2930
2931
2932
2932
2933
2935
2935
2935
2936
2936
2936
2938
2940
2941
2941
2941
2942
2944
2944
2945
2947
2947
2947
2948
2951
2951
2952
2952
2952
2954
2955
2955
2957
2961
2961
2963
2963
2965
2965
2967
2968
2968
2972
2972
2973
2973
2974
2977
2977
2978
2978
2981
2981
2982
2985
2986
2989
2989
2993
2994
2994
2994
2997
2997
2997
2998
2998
2999
2999
2999
2999
3001
3003
3003
3003
3004
3005
3006
3006
3007
3008
3009
3011
3012
3013
3014
3016
3017
3017
3017
3017
3020
3020
3020
3020
3021
3023
3025
3025
3026
3026
3031
3032
3032
3032
3033
3033
3036
3038
3039
3039
3040
3040
3041
3041
3044
3044
3044
3045
3046
3049
3049
3050
3051
3053
3053
3054
3054
3055
3055
3056
3056
3057
3060
3060
3061
3061
3062
3063
3065
3066
3067
3068
3071
3073
3073
3074
3074
3076
3076
3077
3077
3081
3082
3082
3084
3084
3085
3085
3086
3087
3088
3089
3090
3091
3091
3091
3091
3092
3092
3094
3095
3096
3098
3098
3098
3101
3101
3103
3104
3104
3106
3107
3107
3107
3108
3109
3111
3113
3114
3116
3117
3117
3118
3120
3122
3124
3124
3124
3125
3125
3125
3125
3126
3126
3128
3128
3129
3129
3131
3133
3133
3133
3133
3136
3136
3137
3137
3138
3138
3139
3140
3140
3144
3145
3145
3145
3146
3146
3146
3146
3148
3148
3148
3149
3149
3151
3157
3159
3160
3162
3162
3164
3164
3165
3166
3167
3168
3169
3170
3170
3172
3173
3175
3175
3175
3176
3177
3177
3177
3178
3179
3181
3182
3183
3185
3187
3187
3190
3191
3191
3192
3192
3194
3196
3197
3198
3198
3200
3200
3203
3204
3208
3209
3210
3211
3212
3213
3214
3215
3217
3217
3218
3218
3221
3222
3222
3222
3223
3224
3225
3227
3227
3228
3228
3230
3230
3232
3233
3234
3237
3238
3238
3239
3240
3241
3243
3244
3244
3245
3246
3249
3251
3252
3253
3255
3258
3259
3259
3261
3263
3265
3267
3268
3269
3269
3269
3270
3270
3272
3272
3273
3274
3276
3277
3278
3279
3284
3284
3284
3284
3285
3285
3286
3286
3286
3286
3287
3287
3288
3291
3292
3292
3292
3294
3295
3295
3297
3300
3302
3302
3303
3303
3312
3314
3316
3316
3316
3319
3319
3320
3320
3321
3322
3323
3324
3325
3325
3325
3326
3327
3328
3329
3329
3332
3332
3335
3336
3337
3337
3338
3338
3341
3342
3342
3344
3345
3347
3348
3349
3350
3351
3351
3351
3352
3352
3353
3353
3354
3354
3355
3355
3359
3359
3360
3360
3363
3365
3366
3366
3370
3370
3371
3372
3374
3375
3377
3378
3378
3382
3382
3385
3386
3388
3389
3389
3390
3392
3393
3393
3395
3396
3398
3398
3399
3399
3400
3401
3404
3405
3405
3406
3407
3408
3409
3409
3409
3409
3411
3413
3413
3414
3414
3414
3415
3415
3415
3416
3416
3417
3419
3419
3420
3421
3422
3423
3424
3424
3425
3426
3426
3426
3427
3429
3430
3432
3433
3433
3435
3437
3437
3437
3438
3439
3441
3442
3442
3443
3444
3444
3445
3448
3448
3448
3448
3449
3450
3451
3451
3451
3457
3457
3458
3463
3465
3465
3465
3466
3469
3472
3472
3474
3474
3478
3481
3481
3482
3482
3483
3485
3490
3490
3491
3494
3495
3497
3497
3497
3498
3501
3502
3503
3504
3504
3505
3506
3507
3507
3508
3509
3509
3510
3511
3511
3512
3513
3515
3515
3515
3517
3517
3522
3524
3524
3524
3524
3525
3526
3531
3532
3532
3535
3535
3536
3536
3537
3537
3539
3539
3540
3540
3541
3542
3542
3542
3543
3543
3544
3544
3546
3547
3548
3550
3551
3553
3555
3558
3561
3562
3563
3563
3565
3567
3568
3570
3570
3571
3571
3572
3572
3574
3575
3576
3577
3578
3579
3579
3579
3580
3581
3582
3582
3582
3584
3585
3586
3588
3588
3589
3590
3591
3591
3591
3591
3594
3595
3595
3596
3596
3597
3598
3599
3599
3599
3601
3601
3602
3605
3606
3609
3609
3611
3612
3613
3614
3615
3615
3616
3617
3618
3618
3618
3619
3619
3620
3622
3622
3622
3623
3623
3623
3624
3624
3625
3626
3626
3627
3627
3629
3629
3630
3631
3631
3632
3632
3632
3633
3635
3636
3636
3638
3638
3639
3639
3640
3641
3642
3642
3643
3644
3645
3645
3645
3646
3648
3648
3651
3651
3651
3653
3656
3657
3657
3658
3659
3660
3660
3664
3666
3667
3668
3668
3671
3674
3675
3676
3676
3679
3682
3684
3686
3686
3686
3686
3688
3688
3688
3688
3688
3689
3691
3692
3693
3694
3695
3695
3696
3696
3696
3697
3698
3698
3699
3702
3702
3703
3703
3704
3706
3706
3706
3706
3706
3708
3709
3709
3710
3714
3714
3715
3717
3718
3718
3718
3719
3721
3721
3722
3723
3724
3726
3729
3730
3730
3731
3734
3735
3737
3737
3738
3738
3738
3738
3739
3739
3739
3740
3744
3744
3746
3748
3749
3750
3752
3757
3759
3760
3761
3761
3761
3763
3763
3764
3766
3767
3769
3770
3770
3771
3771
3773
3774
3774
3775
3778
3780
3780
3780
3781
3781
3784
3784
3784
3785
3786
3788
3789
3790
3791
3792
3793
3795
3795
3795
3798
3799
3799
3800
3801
3804
3804
3804
3805
3805
3805
3805
3806
3806
3807
3807
3807
3808
3808
3810
3810
3812
3813
3814
3816
3816
3816
3818
3818
3819
3819
3822
3823
3823
3824
3824
3826
3827
3830
3830
3831
3832
3832
3834
3835
3835
3836
3836
3837
3837
3837
3838
3840
3841
3841
3844
3844
3845
3845
3846
3847
3847
3848
3849
3850
3850
3850
3850
3851
3853
3853
3853
3853
3854
3854
3854
3856
3856
3857
3860
3861
3862
3862
3865
3865
3866
3866
3866
3866
3867
3868
3869
3870
3872
3873
3873
3876
3876
3879
3880
3882
3883
3884
3885
3885
3885
3887
3887
3888
3889
3890
3890
3890
3891
3891
3893
3893
3893
3895
3896
3897
3897
3898
3898
3899
3900
3900
3900
3901
3902
3903
3906
3907
3908
3909
3909
3910
3911
3912
3914
3914
3914
3916
3917
3917
3918
3918
3919
3920
3920
3921
3922
3922
3922
3922
3923
3923
3924
3926
3927
3927
3932
3932
3932
3934
3934
3935
3937
3938
3940
3941
3943
3944
3945
3945
3945
3947
3949
3950
3951
3953
3957
3957
3958
3961
3963
3964
3965
3966
3967
3968
3970
3971
3972
3972
3976
3976
3976
3978
3980
3980
3985
3986
3987
3989
3989
3990
3990
3993
3993
3994
3995
4000
4001
4002
4003
4004
4004
4005
4006
4006
4007
4009
4010
4011
4011
4012
4012
4014
4014
4014
4015
4015
4015
4016
4017
4018
4019
4020
4023
4023
4023
4024
4024
4025
4026
4027
4027
4028
4029
4030
4031
4031
4031
4032
4033
4034
4035
4037
4038
4039
4040
4043
4044
4046
4046
4048
4050
4051
4051
4051
4052
4053
4053
4053
4054
4054
4055
4056
4056
4057
4059
4059
4060
4060
4061
4063
4064
4064
4065
4066
4066
4066
4066
4067
4067
4070
4071
4071
4071
4072
4072
4072
4073
4075
4075
4075
4076
4076
4077
4077
4079
4079
4080
4082
4083
4085
4086
4086
4088
4089
4090
4091
4094
4094
4095
4097
4097
4098
4098
4098
4102
4103
4103
4104
4106
4107
4108
4109
4109
4111
4115
4116
4116
4117
4118
4118
4119
4119
4120
4121
4121
4122
4122
4127
4128
4131
4131
4132
4133
4136
4137
4138
4139
4140
4141
4141
4141
4141
4142
4144
4145
4146
4146
4147
4149
4149
4150
4150
4150
4151
4152
4153
4154
4155
4155
4155
4157
4157
4158
4158
4158
4158
4159
4159
4160
4160
4162
4162
4165
4166
4166
4169
4169
4172
4172
4172
4173
4175
4175
4176
4176
4177
4178
4178
4180
4181
4185
4185
4188
4189
4189
4191
4192
4193
4194
4194
4198
4198
4199
4200
4201
4201
4201
4201
4201
4204
4205
4207
4208
4211
4213
4214
4215
4216
4217
4217
4217
4217
4218
4219
4220
4220
4221
4222
4222
4222
4224
4227
4228
4229
4230
4231
4231
4231
4232
4233
4234
4236
4239
4242
4242
4244
4249
4249
4250
4250
4250
4251
4252
4254
4254
4256
4256
4262
4262
4263
4263
4263
4265
4265
4266
4267
4267
4267
4268
4269
4271
4272
4273
4275
4276
4276
4277
4278
4278
4278
4278
4279
4281
4283
4290
4290
4291
4298
4299
4299
4301
4301
4302
4304
4307
4307
4307
4308
4309
4310
4310
4311
4311
4312
4312
4312
4313
4313
4314
4316
4316
4316
4316
4317
4318
4318
4320
4320
4320
4322
4323
4324
4324
4325
4325
4326
4327
4327
4327
4329
4329
4329
4330
4330
4331
4332
4332
4334
4336
4337
4338
4340
4341
4343
4343
4343
4345
4347
4348
4348
4349
4349
4349
4349
4350
4351
4353
4353
4354
4354
4355
4358
4359
4360
4361
4361
4361
4362
4363
4364
4364
4365
4366
4366
4367
4367
4368
4369
4371
4373
4373
4374
4374
4374
4376
4376
4376
4378
4380
4381
4381
4382
4383
4385
4385
4386
4386
4388
4393
4393
4394
4395
4396
4400
4401
4403
4403
4405
4405
4409
4414
4416
4416
4417
4418
4421
4422
4423
4424
4426
4426
4426
4426
4428
4430
4430
4431
4432
4433
4433
4434
4435
4436
4436
4437
4437
4437
4438
4439
4439
4439
4442
4443
4443
4444
4444
4444
4446
4446
4448
4452
4452
4453
4453
4454
4455
4455
4457
4457
4457
4458
4459
4463
4464
4465
4465
4466
4467
4467
4467
4467
4468
4468
4468
4469
4470
4471
4471
4474
4476
4477
4477
4478
4478
4479
4480
4480
4480
4482
4483
4484
4484
4484
4484
4486
4486
4487
4488
4488
4489
4489
4490
4490
4491
4492
4493
4494
4495
4495
4498
4499
4499
4499
4500
4501
4502
4504
4505
4506
4507
4508
4510
4510
4510
4514
4515
4515
4517
4518
4518
4520
4520
4520
4522
4522
4522
4523
4524
4526
4527
4528
4528
4529
4532
4532
4532
4534
4534
4534
4534
4534
4535
4536
4539
4540
4542
4542
4543
4543
4546
4547
4548
4549
4551
4554
4554
4555
4556
4557
4557
4557
4558
4561
4563
4564
4566
4566
4566
4568
4569
4570
4571
4573
4576
4576
4579
4579
4580
4580
4581
4581
4581
4582
4582
4584
4584
4585
4586
4589
4589
4591
4593
4594
4594
4595
4596
4596
4598
4599
4600
4600
4600
4602
4604
4604
4605
4605
4606
4612
4613
4613
4614
4614
4615
4616
4616
4616
4617
4619
4624
4624
4625
4626
4627
4627
4628
4628
4629
4630
4631
4631
4631
4632
4632
4632
4633
4633
4635
4635
4636
4637
4638
4640
4640
4641
4641
4641
4641
4641
4642
4642
4643
4645
4646
4647
4647
4648
4648
4648
4648
4649
4650
4651
4652
4653
4653
4654
4657
4664
4665
4667
4668
4671
4671
4673
4673
4673
4675
4676
4676
4678
4678
4678
4678
4679
4679
4680
4680
4681
4682
4682
4684
4684
4684
4685
4685
4686
4686
4686
4687
4688
4688
4688
4689
4689
4689
4689
4689
4689
4693
4694
4695
4696
4696
4698
4698
4701
4703
4703
4706
4707
4709
4709
4709
4710
4710
4711
4712
4712
4714
4715
4715
4716
4717
4718
4720
4721
4721
4722
4723
4724
4724
4724
4728
4728
4729
4729
4729
4731
4731
4735
4736
4738
4738
4738
4739
4739
4741
4742
4742
4743
4744
4745
4745
4746
4746
4748
4750
4750
4751
4751
4752
4752
4752
4753
4754
4754
4754
4755
4755
4756
4756
4758
4758
4759
4761
4762
4765
4766
4767
4769
4770
4771
4772
4772
4775
4777
4777
4777
4777
4777
4778
4780
4781
4781
4782
4784
4784
4785
4786
4788
4788
4788
4789
4790
4791
4791
4793
4793
4793
4793
4794
4794
4797
4797
4798
4798
4799
4800
4801
4801
4801
4801
4802
4803
4804
4807
4807
4809
4809
4810
4810
4812
4812
4813
4814
4816
4816
4816
4817
4818
4818
4818
4818
4819
4819
4819
4821
4821
4822
4823
4823
4825
4826
4827
4827
4828
4828
4828
4828
4828
4830
4830
4832
4833
4834
4835
4838
4838
4841
4841
4842
4842
4842
4843
4845
4845
4847
4848
4849
4850
4852
4852
4853
4854
4854
4854
4854
4855
4857
4859
4860
4860
4860
4862
4863
4863
4866
4867
4868
4869
4869
4873
4873
4874
4875
4877
4877
4879
4880
4880
4882
4882
4883
4883
4883
4883
4885
4885
4885
4885
4886
4887
4888
4889
4889
4891
4892
4893
4894
4894
4896
4898
4900
4900
4903
4905
4906
4906
4906
4906
4908
4908
4911
4912
4912
4915
4916
4916
4917
4919
4920
4920
4921
4923
4923
4924
4924
4925
4925
4927
4930
4930
4931
4933
4934
4935
4936
4937
4939
4939
4940
4941
4941
4941
4942
4942
4943
4943
4944
4944
4945
4946
4947
4948
4948
4948
4949
4949
4950
4953
4954
4954
4955
4955
4957
4959
4959
4959
4959
4960
4962
4962
4964
4969
4969
4970
4970
4970
4971
4971
4972
4972
4973
4973
4974
4975
4975
4977
4977
4980
4981
4982
4982
4982
4983
4983
4986
4987
4988
4988
4989
4991
4991
4993
4993
4994
4994
4994
4995
4995
4996
4999
4999
5000
5001
5001
5002
5003
5003
5010
5011
5012
5012
5015
5015
5015
5016
5016
5017
5018
5018
5018
5018
5019
5019
5019
5023
5023
5024
5024
5024
5024
5025
5026
5026
5027
5027
5029
5031
5031
5031
5032
5033
5037
5037
5039
5041
5041
5042
5046
5047
5049
5050
5052
5053
5054
5055
5061
5062
5064
5065
5066
5066
5066
5067
5068
5068
5070
5071
5071
5072
5073
5074
5077
5081
5082
5082
5084
5085
5085
5087
5088
5088
5092
5093
5094
5095
5097
5098
5101
5101
5102
5103
5104
5104
5106
5106
5106
5107
5108
5109
5112
5113
5115
5115
5117
5117
5118
5118
5118
5118
5119
5120
5121
5123
5124
5128
5128
5128
5128
5129
5131
5132
5134
5135
5136
5136
5137
5139
5139
5140
5140
5141
5142
5144
5144
5145
5147
5147
5147
5148
5148
5149
5151
5151
5152
5152
5155
5156
5157
5158
5158
5160
5161
5161
5161
5162
5165
5166
5167
5168
5170
5173
5173
5173
5174
5175
5176
5177
5179
5180
5180
5181
5183
5183
5183
5184
5185
5187
5189
5189
5189
5190
5191
5192
5192
5192
5193
5193
5193
5194
5196
5197
5197
5197
5197
5197
5197
5199
5200
5201
5202
5204
5204
5206
5208
5209
5209
5210
5210
5211
5214
5214
5214
5215
5215
5216
5216
5216
5216
5217
5218
5218
5219
5220
5220
5221
5221
5223
5223
5223
5225
5225
5225
5226
5227
5228
5229
5229
5229
5231
5231
5232
5234
5236
5238
5238
5239
5241
5243
5243
5245
5245
5246
5248
5248
5250
5251
5252
5253
5253
5253
5253
5254
5255
5257
5261
5261
5263
5266
5266
5269
5273
5273
5274
5275
5275
5275
5276
5278
5282
5283
5283
5285
5288
5289
5289
5289
5289
5290
5290
5291
5291
5292
5294
5295
5295
5295
5296
5296
5300
5303
5304
5304
5306
5310
5311
5311
5312
5312
5312
5314
5314
5316
5318
5319
5320
5321
5322
5323
5323
5324
5325
5326
5331
5332
5333
5334
5338
5340
5340
5342
5342
5343
5345
5347
5348
5348
5349
5352
5354
5354
5355
5355
5355
5357
5358
5360
5362
5362
5364
5365
5366
5367
5367
5368
5368
5369
5369
5369
5370
5372
5373
5374
5376
5377
5379
5380
5382
5384
5385
5386
5387
5387
5387
5387
5387
5388
5388
5390
5391
5392
5392
5393
5395
5396
5396
5396
5397
5397
5398
5399
5401
5402
5403
5408
5409
5410
5410
5412
5413
5413
5415
5416
5418
5418
5419
5419
5419
5420
5420
5421
5421
5422
5422
5422
5425
5427
5429
5430
5430
5430
5431
5432
5433
5433
5434
5435
5436
5438
5441
5441
5442
5443
5444
5444
5444
5445
5445
5446
5449
5450
5451
5451
5451
5451
5452
5452
5454
5454
5456
5456
5460
5463
5464
5465
5465
5465
5465
5466
5466
5467
5467
5468
5469
5469
5471
5473
5474
5475
5478
5478
5479
5480
5480
5482
5482
5485
5487
5487
5490
5490
5490
5494
5494
5496
5497
5497
5498
5500
5501
5502
5503
5503
5506
5507
5507
5507
5508
5510
5510
5513
5515
5515
5515
5516
5517
5517
5517
5520
5521
5521
5525
5525
5525
5526
5529
5530
5530
5530
5533
5534
5535
5535
5536
5536
5536
5537
5537
5539
5541
5541
5541
5541
5544
5545
5545
5545
5547
5550
5551
5551
5552
5553
5554
5556
5556
5556
5558
5558
5560
5560
5563
5567
5568
5568
5568
5569
5570
5570
5571
5572
5572
5573
5575
5577
5577
5579
5579
5581
5581
5583
5588
5589
5589
5589
5590
5593
5594
5594
5594
5597
5598
5598
5602
5603
5605
5605
5607
5608
5609
5610
5611
5612
5613
5613
5614
5615
5615
5616
5616
5619
5620
5620
5621
5622
5623
5624
5626
5626
5626
5627
5629
5629
5631
5631
5632
5632
5635
5636
5636
5637
5637
5637
5638
5638
5639
5639
5641
5642
5643
5645
5646
5648
5648
5650
5651
5654
5656
5658
5659
5659
5659
5660
5660
5661
5662
5662
5663
5663
5664
5664
5665
5665
5665
5666
5667
5669
5670
5670
5670
5671
5672
5673
5674
5674
5675
5676
5679
5679
5681
5681
5685
5686
5686
5688
5688
5690
5691
5692
5693
5694
5694
5695
5696
5699
5699
5700
5701
5702
5704
5704
5704
5707
5712
5712
5713
5713
5713
5714
5715
5716
5720
5724
5724
5726
5727
5727
5727
5729
5729
5730
5731
5733
5733
5736
5738
5739
5739
5739
5740
5740
5743
5746
5746
5747
5750
5751
5753
5754
5756
5757
5757
5758
5758
5758
5762
5762
5762
5766
5767
5767
5768
5769
5771
5773
5773
5774
5774
5774
5776
5778
5778
5781
5785
5785
5785
5786
5787
5789
5790
5790
5791
5792
5793
5793
5794
5794
5795
5797
5797
5798
5799
5799
5800
5801
5802
5803
5804
5804
5805
5805
5806
5806
5807
5807
5808
5808
5808
5810
5810
5810
5811
5817
5817
5818
5819
5819
5819
5819
5821
5821
5822
5822
5823
5823
5825
5825
5825
5826
5827
5828
5829
5829
5831
5831
5831
5832
5832
5834
5835
5836
5836
5836
5837
5837
5838
5839
5839
5839
5839
5839
5839
5840
5840
5840
5841
5842
5843
5843
5844
5845
5847
5848
5851
5851
5851
5852
5857
5859
5861
5862
5863
5863
5863
5864
5864
5864
5865
5867
5867
5868
5870
5871
5873
5876
5876
5878
5879
5880
5880
5881
5882
5883
5883
5886
5886
5886
5887
5887
5888
5889
5889
5890
5890
5893
5893
5894
5894
5895
5896
5897
5897
5897
5898
5899
5899
5900
5903
5905
5907
5908
5910
5910
5910
5910
5911
5913
5914
5915
5919
5919
5919
5920
5920
5920
5922
5922
5923
5924
5926
5927
5927
5928
5929
5930
5932
5933
5934
5936
5937
5937
5938
5939
5940
5940
5941
5942
5942
5942
5945
5946
5948
5948
5949
5949
5949
5951
5951
5951
5951
5953
5955
5955
5957
5959
5961
5961
5961
5962
5964
5967
5970
5970
5974
5976
5976
5976
5976
5979
5979
5982
5982
5983
5983
5984
5986
5986
5986
5988
5988
5989
5989
5990
5990
5991
5992
5993
5995
5995
5996
5996
5996
5997
6000
6000
6001
6002
6004
6004
6004
6006
6007
6008
6008
6008
6009
6010
6010
6010
6012
6013
6013
6015
6016
6017
6020
6020
6023
6026
6027
6027
6028
6029
6029
6030
6032
6033
6033
6034
6034
6039
6039
6042
6043
6045
6045
6045
6045
6046
6047
6048
6049
6050
6050
6050
6051
6051
6055
6055
6055
6055
6055
6056
6056
6057
6057
6059
6059
6059
6059
6062
6063
6065
6066
6067
6068
6069
6069
6070
6071
6071
6071
6072
6073
6074
6074
6075
6078
6080
6081
6081
6082
6083
6083
6083
6084
6085
6088
6089
6089
6090
6092
6094
6097
6100
6101
6102
6103
6105
6105
6105
6105
6106
6106
6107
6107
6108
6109
6111
6112
6114
6114
6114
6114
6115
6115
6115
6116
6116
6116
6118
6118
6119
6120
6120
6120
6120
6126
6126
6127
6127
6129
6130
6130
6130
6131
6132
6132
6133
6134
6135
6138
6140
6140
6143
6143
6143
6144
6144
6144
6145
6145
6145
6146
6147
6148
6148
6148
6150
6150
6151
6152
6152
6153
6153
6154
6154
6154
6154
6155
6157
6157
6158
6163
6164
6165
6166
6166
6166
6170
6171
6171
6174
6175
6176
6176
6176
6177
6178
6179
6180
6183
6184
6184
6184
6185
6186
6186
6188
6190
6191
6192
6192
6192
6193
6193
6196
6197
6197
6198
6198
6199
6199
6200
6200
6202
6203
6205
6206
6207
6208
6208
6210
6211
6212
6215
6217
6218
6219
6220
6220
6224
6224
6224
6228
6230
6233
6236
6236
6236
6237
6237
6238
6238
6239
6241
6242
6243
6243
6243
6243
6244
6244
6245
6245
6245
6246
6246
6246
6249
6249
6252
6253
6253
6253
6254
6255
6256
6256
6257
6258
6258
6258
6259
6260
6260
6261
6261
6262
6263
6268
6268
6268
6269
6269
6269
6270
6271
6271
6272
6272
6273
6273
6275
6276
6276
6277
6279
6281
6283
6283
6287
6287
6292
6292
6292
6297
6297
6297
6298
6299
6299
6299
6299
6300
6301
6303
6304
6305
6305
6305
6306
6309
6310
6311
6313
6315
6316
6318
6319
6320
6320
6321
6322
6323
6323
6326
6326
6327
6327
6328
6329
6331
6332
6333
6334
6334
6334
6335
6335
6336
6338
6340
6345
6346
6347
6348
6348
6350
6350
6350
6350
6351
6351
6352
6353
6353
6354
6356
6356
6358
6360
6360
6361
6361
6362
6365
6365
6365
6367
6369
6370
6370
6370
6371
6372
6373
6373
6373
6373
6374
6375
6379
6379
6379
6380
6380
6381
6381
6382
6382
6383
6383
6384
6384
6386
6386
6386
6386
6387
6387
6389
6391
6391
6393
6393
6394
6395
6395
6396
6396
6400
6401
6403
6403
6404
6405
6407
6407
6408
6408
6409
6409
6409
6410
6412
6413
6416
6416
6416
6418
6419
6419
6419
6420
6420
6421
6421
6421
6421
6422
6422
6424
6424
6425
6425
6425
6428
6430
6431
6432
6434
6434
6434
6434
6435
6437
6437
6440
6441
6441
6442
6444
6445
6446
6449
6449
6451
6451
6454
6455
6458
6460
6461
6461
6463
6464
6464
6465
6467
6468
6468
6471
6472
6473
6473
6477
6478
6479
6480
6481
6481
6482
6483
6483
6485
6485
6487
6490
6490
6491
6495
6496
6499
6499
6499
6503
6505
6506
6508
6511
6511
6512
6512
6513
6513
6514
6514
6515
6515
6516
6517
6519
6520
6521
6525
6526
6527
6527
6529
6530
6530
6530
6531
6531
6532
6533
6536
6536
6538
6538
6539
6541
6541
6542
6543
6543
6544
6547
6547
6548
6548
6549
6551
6552
6553
6553
6554
6554
6554
6556
6558
6558
6560
6561
6562
6562
6563
6565
6565
6567
6567
6569
6572
6573
6573
6575
6575
6577
6577
6578
6578
6578
6580
6583
6583
6584
6586
6587
6587
6589
6590
6593
6593
6593
6593
6593
6594
6595
6595
6597
6597
6597
6602
6603
6606
6610
6614
6616
6616
6616
6618
6618
6620
6620
6621
6621
6621
6622
6622
6622
6622
6622
6622
6623
6623
6624
6624
6626
6627
6628
6631
6632
6635
6635
6635
6636
6637
6639
6640
6640
6646
6646
6647
6648
6648
6649
6650
6651
6653
6653
6654
6656
6658
6659
6659
6659
6660
6660
6661
6662
6663
6666
6666
6667
6667
6668
6668
6668
6668
6669
6670
6670
6670
6670
6671
6671
6673
6674
6675
6675
6675
6679
6680
6680
6681
6681
6683
6683
6686
6686
6687
6687
6691
6691
6693
6694
6694
6695
6695
6695
6695
6696
6696
6696
6697
6698
6698
6699
6700
6700
6701
6701
6701
6703
6704
6705
6707
6708
6708
6709
6712
6712
6712
6714
6716
6717
6719
6719
6721
6721
6721
6722
6722
6725
6725
6726
6727
6727
6727
6727
6728
6732
6732
6732
6733
6735
6735
6735
6737
6737
6738
6739
6740
6740
6742
6745
6745
6747
6748
6749
6753
6753
6754
6755
6757
6759
6763
6765
6767
6771
6772
6772
6776
6777
6778
6778
6779
6782
6784
6785
6785
6788
6788
6789
6790
6790
6791
6791
6791
6794
6797
6797
6798
6799
6799
6800
6802
6803
6805
6805
6805
6808
6810
6811
6811
6812
6813
6814
6814
6815
6815
6816
6818
6818
6819
6819
6820
6822
6823
6825
6826
6827
6828
6829
6836
6837
6839
6840
6841
6841
6841
6841
6842
6842
6843
6846
6846
6847
6847
6851
6852
6852
6854
6854
6855
6855
6856
6857
6857
6858
6859
6860
6860
6860
6862
6867
6868
6868
6869
6870
6873
6875
6877
6878
6878
6880
6880
6881
6881
6882
6882
6883
6883
6884
6885
6885
6887
6888
6894
6897
6899
6900
6900
6902
6902
6903
6903
6905
6906
6907
6909
6910
6912
6912
6913
6914
6914
6914
6914
6914
6915
6915
6916
6917
6917
6918
6922
6923
6927
6931
6931
6931
6931
6934
6935
6938
6941
6943
6944
6949
6949
6951
6951
6952
6953
6954
6960
6960
6961
6962
6962
6963
6965
6966
6966
6968
6970
6973
6975
6978
6980
6980
6980
6982
6990
6992
6993
6995
6995
6995
6996
6996
6998
7001
7003
7003
7006
7006
7006
7007
7009
7009
7010
7010
7011
7011
7011
7012
7013
7016
7016
7018
7022
7027
7027
7028
7028
7030
7030
7031
7031
7036
7037
7037
7038
7039
7039
7039
7040
7043
7043
7045
7046
7047
7047
7047
7049
7050
7051
7054
7054
7054
7055
7056
7056
7056
7058
7058
7061
7064
7065
7065
7065
7065
7066
7067
7067
7069
7069
7070
7071
7072
7072
7075
7075
7076
7076
7077
7077
7077
7079
7080
7080
7081
7082
7083
7085
7086
7086
7087
7087
7088
7089
7089
7092
7092
7094
7096
7096
7097
7097
7097
7098
7099
7100
7100
7100
7100
7100
7101
7107
7107
7108
7109
7109
7110
7111
7112
7115
7117
7121
7123
7124
7125
7125
7125
7126
7127
7127
7127
7128
7129
7130
7131
7131
7132
7132
7133
7133
7136
7137
7141
7142
7142
7145
7146
7147
7149
7151
7152
7152
7152
7153
7153
7155
7156
7157
7160
7160
7162
7163
7163
7165
7168
7169
7169
7169
7170
7171
7173
7173
7174
7174
7174
7175
7179
7180
7181
7181
7182
7184
7189
7190
7191
7192
7195
7195
7197
7197
7198
7198
7198
7198
7199
7199
7200
7201
7202
7203
7204
7204
7207
7208
7211
7211
7213
7214
7216
7219
7221
7223
7224
7224
7224
7224
7226
7226
7227
7228
7228
7230
7232
7233
7234
7234
7237
7238
7240
7241
7242
7242
7246
7249
7249
7249
7249
7254
7254
7257
7257
7258
7260
7260
7261
7262
7263
7263
7264
7265
7265
7268
7269
7269
7273
7275
7275
7276
7279
7279
7280
7280
7283
7283
7285
7286
7288
7289
7290
7290
7291
7291
7292
7292
7293
7295
7295
7295
7296
7296
7296
7298
7301
7302
7304
7304
7305
7305
7307
7308
7315
7317
7317
7317
7318
7318
7319
7319
7323
7324
7326
7327
7329
7330
7331
7336
7336
7338
7342
7343
7344
7344
7346
7347
7349
7350
7352
7352
7353
7353
7353
7355
7356
7357
7360
7360
7360
7362
7363
7364
7364
7365
7365
7365
7367
7367
7368
7368
7369
7369
7369
7369
7370
7377
7377
7378
7378
7378
7380
7381
7383
7384
7386
7387
7387
7390
7391
7391
7391
7391
7393
7393
7394
7395
7395
7396
7397
7398
7399
7400
7401
7402
7402
7404
7406
7407
7409
7410
7410
7411
7412
7412
7415
7415
7416
7416
7418
7419
7422
7423
7423
7424
7424
7425
7427
7427
7427
7429
7430
7430
7431
7431
7432
7432
7434
7437
7439
7440
7441
7442
7444
7444
7445
7445
7446
7446
7446
7446
7448
7448
7448
7449
7449
7450
7451
7453
7454
7454
7454
7454
7455
7457
7459
7460
7463
7463
7464
7466
7469
7470
7471
7471
7472
7472
7473
7475
7476
7477
7479
7479
7479
7480
7480
7481
7482
7484
7485
7486
7487
7488
7491
7497
7497
7498
7498
7500
7501
7502
7505
7505
7505
7506
7506
7507
7507
7511
7513
7514
7517
7517
7518
7518
7518
7519
7520
7521
7522
7522
7523
7524
7525
7526
7526
7526
7526
7528
7528
7528
7529
7531
7533
7533
7535
7536
7537
7538
7538
7538
7538
7539
7542
7545
7546
7547
7550
7553
7553
7554
7555
7555
7555
7555
7556
7557
7558
7558
7563
7565
7565
7565
7569
7570
7571
7571
7573
7575
7576
7578
7579
7581
7581
7581
7584
7585
7585
7586
7587
7587
7587
7588
7589
7589
7592
7592
7592
7595
7595
7596
7599
7600
7600
7601
7602
7603
7604
7604
7605
7606
7608
7608
7608
7609
7611
7611
7613
7614
7614
7615
7618
7619
7621
7622
7622
7623
7625
7627
7627
7628
7630
7631
7633
7633
7633
7633
7633
7634
7635
7636
7636
7637
7639
7639
7640
7640
7640
7643
7643
7644
7646
7647
7648
7650
7650
7652
7655
7656
7656
7659
7659
7660
7663
7663
7663
7665
7665
7667
7671
7672
7672
7674
7677
7678
7682
7683
7686
7688
7688
7688
7688
7690
7692
7694
7694
7694
7695
7695
7696
7696
7696
7696
7698
7698
7699
7700
7701
7702
7704
7706
7707
7707
7708
7713
7714
7714
7714
7715
7715
7715
7717
7720
7721
7721
7722
7722
7723
7723
7724
7725
7726
7728
7728
7730
7730
7730
7731
7731
7733
7734
7734
7734
7737
7738
7739
7740
7740
7741
7741
7741
7743
7744
7745
7747
7749
7749
7751
7751
7751
7753
7753
7756
7757
7757
7757
7758
7760
7760
7762
7762
7763
7763
7765
7765
7768
7768
7768
7769
7769
7772
7774
7774
7774
7775
7775
7775
7784
7785
7786
7786
7790
7790
7791
7791
7791
7792
7794
7794
7795
7795
7796
7797
7797
7798
7798
7799
7800
7801
7803
7803
7805
7807
7811
7811
7813
7815
7816
7819
7819
7823
7824
7824
7825
7826
7827
7828
7828
7828
7828
7829
7829
7829
7831
7833
7833
7834
7834
7835
7836
7836
7837
7838
7839
7839
7841
7847
7848
7849
7850
7851
7851
7851
7852
7852
7853
7854
7855
7856
7858
7864
7865
7869
7869
7869
7870
7871
7875
7876
7877
7878
7879
7879
7879
7879
7880
7880
7881
7883
7884
7885
7885
7885
7887
7889
7889
7891
7891
7892
7893
7894
7895
7896
7897
7898
7898
7903
7903
7904
7904
7904
7907
7907
7908
7910
7910
7911
7911
7912
7914
7918
7918
7918
7919
7920
7923
7924
7925
7927
7927
7927
7928
7928
7929
7931
7935
7935
7938
7938
7941
7942
7945
7948
7949
7950
7950
7951
7951
7954
7954
7955
7955
7957
7957
7957
7957
7958
7960
7961
7964
7964
7964
7965
7965
7966
7971
7973
7975
7976
7976
7976
7977
7980
7980
7980
7980
7982
7982
7983
7983
7984
7985
7985
7987
7988
7988
7988
7990
7990
7991
7992
7993
7993
7993
7995
7995
7996
7996
7996
7998
8000
8000
8003
8006
8006
8006
8007
8007
8010
8013
8013
8013
8014
8016
8018
8018
8021
8021
8022
8022
8023
8024
8028
8029
8030
8031
8032
8033
8033
8033
8033
8036
8039
8042
8043
8043
8043
8043
8044
8048
8050
8053
8053
8055
8056
8057
8057
8057
8058
8058
8060
8061
8061
8061
8063
8064
8065
8068
8069
8070
8071
8073
8074
8075
8076
8080
8080
8081
8081
8083
8084
8085
8086
8087
8091
8096
8098
8098
8098
8098
8098
8099
8099
8100
8100
8102
8103
8104
8105
8105
8106
8106
8106
8106
8106
8107
8108
8108
8111
8111
8111
8111
8114
8114
8115
8116
8117
8117
8118
8120
8122
8123
8124
8124
8125
8126
8128
8129
8130
8131
8134
8134
8134
8134
8136
8136
8138
8139
8139
8140
8140
8142
8142
8143
8144
8144
8146
8147
8147
8147
8147
8147
8149
8150
8151
8152
8154
8154
8155
8158
8158
8160
8163
8164
8166
8166
8167
8170
8171
8171
8173
8175
8176
8176
8179
8179
8182
8183
8185
8185
8185
8186
8186
8188
8190
8190
8192
8192
8193
8194
8195
8197
8198
8201
8201
8204
8206
8209
8217
8217
8218
8218
8219
8221
8223
8223
8231
8233
8233
8234
8234
8235
8236
8236
8237
8238
8240
8244
8248
8249
8251
8251
8253
8254
8254
8255
8255
8255
8255
8256
8257
8260
8261
8264
8265
8265
8265
8266
8266
8266
8267
8267
8268
8269
8270
8271
8272
8274
8274
8275
8276
8276
8277
8277
8278
8279
8282
8287
8287
8288
8289
8289
8289
8290
8290
8291
8291
8292
8292
8293
8293
8293
8296
8296
8296
8298
8300
8300
8300
8301
8301
8302
8302
8302
8305
8307
8307
8311
8312
8313
8313
8314
8315
8315
8316
8317
8317
8317
8318
8320
8321
8324
8325
8327
8327
8328
8328
8328
8328
8329
8329
8329
8330
8330
8330
8331
8332
8334
8334
8334
8334
8335
8339
8339
8339
8340
8341
8342
8348
8349
8350
8350
8352
8355
8355
8356
8357
8357
8357
8358
8358
8359
8360
8362
8362
8363
8363
8364
8364
8365
8365
8366
8366
8367
8368
8368
8369
8370
8371
8371
8371
8377
8377
8378
8379
8381
8382
8384
8384
8386
8386
8388
8389
8389
8390
8392
8392
8395
8397
8397
8399
8401
8401
8402
8405
8406
8407
8409
8409
8409
8409
8415
8416
8418
8419
8419
8422
8422
8422
8423
8424
8424
8424
8425
8425
8425
8427
8427
8428
8429
8429
8430
8433
8433
8435
8435
8436
8438
8440
8440
8441
8441
8443
8443
8444
8445
8445
8448
8451
8452
8453
8454
8455
8455
8455
8457
8457
8458
8459
8460
8460
8461
8466
8466
8466
8466
8466
8467
8467
8472
8473
8474
8474
8475
8475
8476
8476
8477
8478
8479
8480
8481
8484
8484
8486
8487
8487
8488
8488
8489
8489
8490
8492
8493
8495
8495
8495
8496
8500
8500
8500
8500
8501
8501
8502
8503
8503
8503
8504
8504
8505
8509
8510
8510
8512
8514
8518
8519
8519
8520
8520
8521
8521
8522
8522
8522
8523
8524
8526
8527
8529
8530
8531
8531
8531
8535
8535
8536
8538
8540
8540
8542
8543
8543
8544
8546
8546
8546
8547
8547
8549
8550
8550
8552
8553
8553
8554
8555
8555
8557
8557
8559
8559
8560
8562
8562
8563
8564
8564
8564
8564
8565
8566
8567
8567
8568
8568
8569
8570
8570
8570
8573
8574
8574
8575
8577
8578
8578
8579
8579
8580
8581
8583
8583
8585
8586
8586
8586
8587
8587
8588
8588
8590
8594
8594
8595
8597
8599
8599
8599
8600
8600
8600
8600
8604
8606
8607
8607
8607
8607
8608
8608
8608
8610
8610
8612
8612
8613
8613
8618
8619
8619
8619
8619
8621
8621
8621
8621
8624
8624
8625
8625
8626
8626
8627
8627
8627
8628
8630
8632
8632
8634
8635
8635
8635
8635
8636
8637
8638
8642
8642
8643
8646
8646
8647
8647
8647
8648
8648
8649
8649
8649
8649
8652
8653
8655
8655
8656
8656
8658
8659
8660
8663
8665
8665
8665
8666
8668
8668
8668
8668
8669
8669
8669
8670
8670
8671
8672
8672
8675
8675
8677
8677
8678
8678
8680
8681
8681
8682
8684
8685
8687
8692
8693
8694
8695
8695
8696
8698
8698
8701
8701
8702
8702
8702
8703
8704
8705
8706
8706
8708
8710
8712
8716
8716
8719
8719
8719
8719
8720
8722
8722
8722
8723
8724
8725
8726
8726
8727
8727
8727
8728
8729
8729
8729
8730
8733
8734
8737
8737
8738
8738
8739
8742
8743
8744
8745
8748
8749
8752
8752
8753
8753
8754
8755
8758
8758
8759
8760
8762
8763
8763
8764
8765
8765
8766
8766
8767
8771
8771
8771
8771
8773
8775
8776
8776
8776
8778
8779
8780
8781
8784
8784
8785
8785
8786
8786
8788
8788
8789
8791
8792
8793
8795
8795
8797
8800
8800
8802
8803
8803
8803
8804
8804
8805
8805
8807
8810
8811
8812
8815
8815
8815
8815
8815
8817
8817
8817
8817
8819
8821
8822
8822
8823
8824
8824
8824
8824
8827
8827
8828
8828
8830
8830
8834
8834
8835
8836
8836
8838
8838
8841
8842
8843
8844
8844
8845
8846
8847
8847
8848
8848
8848
8848
8850
8852
8855
8858
8858
8861
8861
8862
8863
8865
8865
8867
8868
8868
8868
8868
8870
8872
8873
8873
8874
8874
8874
8875
8876
8876
8876
8878
8879
8879
8881
8881
8882
8883
8883
8884
8884
8885
8887
8888
8888
8891
8892
8893
8893
8894
8894
8895
8895
8897
8899
8899
8900
8901
8901
8901
8902
8902
8902
8903
8903
8906
8906
8906
8907
8907
8909
8911
8912
8912
8912
8912
8914
8914
8915
8915
8916
8917
8917
8917
8918
8919
8920
8920
8921
8924
8925
8925
8926
8930
8931
8931
8932
8933
8936
8937
8939
8942
8944
8945
8946
8946
8946
8947
8948
8949
8950
8951
8952
8956
8957
8959
8960
8960
8960
8961
8962
8962
8964
8965
8965
8968
8968
8968
8969
8970
8970
8972
8973
8975
8977
8979
8979
8979
8979
8980
8980
8981
8981
8982
8983
8984
8986
8986
8987
8988
8989
8989
8990
8991
8991
8993
8994
8998
8999
9000
9000
9000
9000
9001
9001
9003
9004
9005
9006
9012
9014
9016
9016
9017
9018
9018
9019
9024
9024
9025
9026
9026
9027
9028
9030
9030
9032
9033
9034
9034
9034
9035
9035
9038
9039
9040
9040
9041
9042
9043
9043
9044
9044
9044
9045
9047
9048
9049
9050
9050
9050
9051
9051
9052
9052
9054
9058
9059
9059
9059
9060
9061
9061
9061
9064
9064
9064
9065
9066
9067
9067
9070
9071
9071
9071
9073
9074
9076
9079
9081
9083
9086
9088
9088
9090
9090
9094
9094
9094
9095
9095
9097
9098
9100
9101
9101
9105
9106
9106
9106
9107
9107
9107
9108
9108
9110
9110
9111
9111
9112
9112
9112
9113
9115
9115
9116
9117
9119
9120
9121
9121
9127
9127
9128
9129
9130
9131
9132
9133
9134
9134
9135
9135
9135
9137
9138
9138
9138
9139
9140
9141
9142
9142
9142
9142
9143
9144
9144
9144
9147
9147
9150
9150
9154
9154
9155
9155
9157
9158
9161
9161
9161
9163
9164
9164
9166
9166
9167
9167
9167
9169
9169
9171
9172
9174
9174
9176
9177
9177
9177
9177
9177
9178
9178
9180
9181
9182
9183
9184
9185
9187
9188
9188
9188
9190
9198
9198
9199
9199
9201
9202
9202
9202
9204
9206
9207
9209
9209
9209
9209
9210
9213
9217
9217
9218
9219
9219
9220
9221
9222
9222
9223
9224
9224
9226
9226
9228
9230
9230
9232
9233
9233
9235
9235
9235
9235
9237
9238
9239
9239
9240
9240
9240
9242
9243
9243
9244
9244
9248
9249
9249
9249
9250
9251
9251
9253
9255
9255
9255
9256
9256
9258
9258
9258
9258
9259
9259
9260
9261
9263
9263
9263
9264
9264
9264
9265
9268
9269
9271
9271
9271
9272
9273
9273
9274
9274
9275
9277
9278
9279
9279
9281
9281
9284
9284
9284
9285
9287
9287
9287
9288
9289
9289
9289
9291
9292
9294
9294
9294
9295
9296
9296
9296
9296
9297
9298
9299
9299
9299
9299
9302
9303
9303
9306
9306
9306
9307
9307
9307
9307
9309
9310
9311
9312
9312
9312
9314
9314
9317
9318
9318
9318
9320
9321
9323
9327
9330
9331
9332
9332
9333
9333
9334
9335
9335
9335
9336
9340
9342
9342
9344
9345
9346
9346
9346
9346
9347
9349
9349
9349
9352
9354
9358
9358
9361
9362
9365
9366
9366
9366
9369
9369
9372
9374
9375
9376
9377
9377
9377
9377
9378
9379
9381
9382
9382
9383
9383
9384
9384
9386
9387
9388
9388
9390
9390
9391
9391
9395
9396
9397
9397
9400
9401
9402
9403
9403
9404
9404
9408
9408
9409
9411
9412
9413
9413
9413
9414
9415
9416
9416
9417
9421
9421
9422
9424
9424
9425
9425
9426
9426
9427
9427
9428
9430
9433
9434
9435
9435
9437
9437
9437
9440
9441
9442
9444
9449
9450
9451
9453
9454
9454
9455
9455
9455
9456
9456
9457
9457
9457
9457
9458
9458
9461
9462
9462
9464
9464
9465
9465
9465
9466
9467
9467
9467
9472
9473
9473
9475
9476
9480
9480
9481
9482
9483
9485
9486
9486
9487
9487
9489
9490
9490
9491
9492
9492
9492
9493
9493
9495
9495
9498
9498
9502
9504
9506
9509
9511
9513
9514
9514
9514
9515
9516
9516
9517
9517
9520
9521
9521
9522
9523
9524
9525
9527
9527
9528
9529
9529
9531
9533
9533
9533
9537
9537
9538
9539
9539
9540
9540
9541
9541
9542
9543
9543
9544
9544
9545
9545
9547
9549
9549
9549
9549
9550
9550
9551
9553
9555
9555
9555
9557
9559
9560
9560
9562
9563
9564
9570
9570
9572
9572
9572
9576
9579
9579
9580
9583
9586
9586
9587
9589
9590
9590
9591
9592
9594
9595
9597
9598
9600
9602
9602
9602
9605
9606
9607
9608
9609
9610
9610
9611
9612
9614
9615
9618
9618
9619
9622
9623
9624
9625
9625
9626
9626
9626
9627
9627
9628
9629
9631
9632
9632
9633
9633
9633
9634
9635
9636
9641
9641
9645
9645
9645
9647
9647
9648
9649
9649
9651
9652
9653
9654
9655
9655
9657
9657
9659
9661
9661
9663
9663
9664
9666
9667
9667
9667
9667
9670
9671
9672
9675
9675
9676
9679
9679
9680
9682
9682
9683
9686
9686
9686
9687
9691
9691
9691
9692
9693
9694
9694
9694
9695
9698
9701
9703
9703
9703
9703
9703
9704
9705
9705
9707
9708
9708
9709
9711
9711
9711
9712
9713
9715
9716
9717
9718
9720
9722
9722
9724
9724
9724
9724
9724
9724
9725
9728
9728
9728
9730
9730
9731
9731
9733
9734
9734
9737
9739
9739
9740
9740
9741
9742
9744
9745
9747
9748
9748
9749
9750
9752
9753
9754
9756
9757
9758
9759
9760
9760
9763
9763
9764
9764
9768
9768
9768
9771
9771
9771
9773
9773
9775
9776
9777
9778
9779
9779
9780
9780
9781
9781
9784
9785
9786
9786
9786
9787
9788
9788
9788
9790
9790
9791
9792
9792
9792
9792
9793
9794
9794
9795
9797
9799
9802
9802
9803
9803
9803
9804
9804
9804
9804
9805
9806
9808
9808
9810
9811
9811
9813
9814
9815
9816
9817
9819
9819
9820
9820
9821
9821
9821
9821
9824
9824
9829
9830
9830
9833
9833
9836
9837
9838
9841
9842
9842
9843
9843
9845
9845
9847
9848
9849
9850
9850
9851
9851
9852
9852
9853
9853
9853
9853
9855
9855
9856
9857
9859
9862
9863
9863
9864
9864
9866
9866
9866
9867
9868
9868
9868
9871
9871
9875
9876
9876
9878
9879
9879
9880
9881
9881
9882
9882
9883
9883
9884
9886
9886
9886
9887
9889
9890
9890
9891
9891
9893
9894
9894
9896
9899
9900
9901
9905
9906
9909
9913
9913
9913
9914
9914
9916
9918
9919
9919
9920
9922
9924
9924
9926
9928
9928
9929
9929
9930
9931
9932
9932
9932
9933
9933
9933
9934
9935
9935
9938
9939
9939
9940
9942
9942
9943
9944
9944
9945
9945
9946
9946
9948
9948
9949
9951
9951
9952
9953
9953
9954
9955
9959
9960
9961
9962
9962
9964
9964
9964
9965
9965
9965
9969
9969
9971
9974
9975
9977
9979
9980
9980
9980
9981
9982
9983
9983
9986
9991
9992
9992
9995
9996
9997
9997
9998
