1558
5632
1606
4631
4034
2862
5410
5896
7980
66
9887
4381
5970
6107
4999
9235
7407
3211
3739
5215
587
8844
8390
6857
6407
5148
1720
1904
7219
197
4841
5863
1022
63
449
2276
6578
9480
3746
38
1828
4696
8776
8055
8435
6421
6526
5156
3225
2149
9052
6953
1304
5055
8607
6935
9555
1833
6027
6922
6790
351
2947
2779
2865
8712
502
1610
7269
8875
1044
7811
484
2718
5236
2350
1743
4359
8251
6589
6176
2821
3372
2573
8275
9815
520
4709
1899
5681
2734
4228
1452
9866
2706
4744
7170
553
2742
5825
4256
9281
9541
484
7145
1868
70
7401
8014
1502
7157
2492
4598
2541
2723
8401
6455
4941
3636
3237
9980
7903
6635
4165
5380
9964
7422
4546
3995
805
8234
7797
7672
9141
6350
3497
2083
6531
4038
3657
8642
2523
4178
29
905
5572
6283
833
4023
7454
1997
2905
6224
9155
0
6992
3421
4554
4320
1534
1626
524
4064
653
9024
3763
9626
843
1470
7067
5864
7132
7575
301
1633
9934
9312
6757
5889
5434
3536
1751
9376
9866
8830
2635
7100
7599
2336
8646
7292
1806
6258
7092
1831
2657
5494
3591
4470
8475
5712
4157
9129
6547
1970
8803
4751
7630
2432
8424
1067
6143
8786
6681
1738
8827
1654
2282
3482
1569
5961
7016
4414
3919
3853
8655
3210
1574
4828
9457
8956
9035
459
4689
3699
5893
5450
6819
9965
9570
7955
507
2911
8743
4714
6816
9150
1700
7411
9705
528
8701
5221
8909
153
5312
3679
7399
3807
4491
730
8458
4141
4149
5521
9932
3774
3332
4083
5050
5713
2593
2167
4739
6532
9157
234
9996
2431
6356
1603
3049
3990
4220
2729
8531
8342
2189
5821
1950
4679
800
404
7533
3691
2251
3187
9467
3341
9679
3660
4989
9034
9486
4200
3784
8186
2269
7964
7525
8461
1051
8848
2335
6755
1303
6701
2265
7896
715
1257
9633
47
2916
3866
8917
2829
7941
249
2151
9391
2583
3505
5922
523
9771
4828
9347
3286
310
766
1961
3686
6467
910
1170
6334
2706
3806
274
7498
6881
3272
2001
8815
4085
818
495
847
2771
5589
5898
7733
1403
2420
317
9734
6386
3618
6646
443
9040
3338
6424
9437
3945
3832
2893
601
7318
4031
9383
7587
6465
2014
762
6211
4809
9025
264
435
7635
8719
9489
5295
2130
3542
4924
194
2628
5392
4786
3695
7891
4480
1281
5402
2007
7707
3947
8628
9995
3259
5362
5603
2963
3033
4324
6789
770
1369
6145
7555
7887
2564
5819
5158
1512
9590
2797
3873
3124
9047
9586
1948
8695
1114
2315
9067
6396
2611
1189
8363
998
6236
5751
3448
7885
9167
2514
730
5197
4249
9481
9882
6575
1712
4580
8106
1872
7011
2124
8729
5365
8710
2831
6846
8371
2395
5077
6387
1502
3879
5452
8767
9655
8028
4563
8669
8255
4954
2251
2847
9998
2823
4362
6941
3089
4484
2222
6198
3166
1696
8845
6297
9492
5890
2478
3840
9645
7835
2189
2082
9916
1174
5778
1918
5508
4752
5211
4930
4353
8822
3011
1975
6902
9106
918
3795
3426
5097
4028
7701
9487
7605
8330
8289
6530
4589
2793
5115
7107
9814
1424
232
4150
5377
4088
204
9217
3903
53
4486
3893
4039
7500
5762
5659
374
1377
8521
6208
4484
4347
1457
9725
5673
5214
2432
9043
3686
4518
7199
2716
9576
69
8643
2733
9583
4490
1352
8423
2989
4349
8626
288
6708
2388
3709
1104
3125
3108
7538
593
923
2497
6799
3124
2658
6413
7391
8824
9198
634
815
8334
9514
8669
9222
1356
8260
4160
9550
1906
1669
6610
4278
8061
7100
9974
2100
4480
9841
1653
1972
3763
3249
5427
864
9188
3140
1983
275
3327
2463
5161
8810
5285
8738
5466
4944
3162
9592
1213
3393
1262
2361
9692
9437
3251
460
7911
1128
1971
6242
1517
5332
7072
9516
1601
1865
2511
5771
7216
415
5589
9138
3038
1793
4887
9108
2247
287
2935
7165
1665
7707
1287
814
3096
8114
671
5701
8265
4191
1289
9979
4981
6735
1850
4291
6119
4056
4619
3033
8274
8527
9528
2313
1748
1509
5669
6008
1969
1245
7553
5805
5932
4145
3568
2317
782
191
9121
8057
6319
1535
832
3686
7476
7377
8920
9598
4635
2293
2809
4510
245
9645
396
6663
5147
9435
8350
7507
3867
1180
4654
9070
5398
2455
4118
8862
8350
4686
9335
4526
1421
7254
9358
3629
3619
2599
9803
4986
8804
4256
6435
2634
2748
9098
4924
3085
2459
5095
5662
8874
3382
6508
6421
2596
7721
4494
7927
815
3884
9169
2965
6351
4144
5250
5841
8828
7280
9034
4636
9218
7047
984
3268
5018
6514
3618
4667
9944
7786
8842
2883
8797
1829
1344
5762
9483
9287
5914
8669
4468
6116
1526
2843
4012
6839
404
772
8893
1625
3497
3285
8695
6739
5541
7442
6703
9529
5724
4147
288
5243
4424
2835
1794
1486
3648
8861
1016
8873
4490
8452
8084
3836
2330
6419
2216
302
3066
5500
2769
6606
2602
5953
9422
4208
1083
6820
3279
5479
255
7431
7471
250
5451
9876
2906
4433
1952
6885
6732
4755
1619
5570
2463
1223
5886
7448
1984
3866
1289
3325
8429
2565
9232
125
6144
8455
8553
4949
7125
1363
3978
4194
7075
3836
5387
2222
3020
5251
9524
5863
9183
2732
1600
4254
6623
5992
9555
8951
1252
455
4604
9224
7391
7524
6995
7003
2717
8111
6894
4641
8099
9785
6784
768
874
3750
1884
6700
6408
8987
1147
7836
54
1426
23
8586
6424
3823
3366
4689
9724
7195
762
3234
8147
1817
4925
8608
1587
8921
8293
7378
4735
8479
1751
2762
9045
8665
9793
7950
8693
6620
6705
7965
9657
326
1586
3738
8704
6587
3218
1395
8365
263
8030
281
3084
3579
4641
3060
9540
6573
6246
9330
9307
4721
3722
981
3355
9066
5993
8377
8419
7698
3674
1360
3303
525
5937
3224
6275
9485
7505
280
4307
5516
94
6253
6362
4959
7954
6805
1235
8982
9626
6960
4075
9491
1955
6660
6403
3149
2334
3026
9171
333
2637
9538
2069
5611
1085
7795
9382
5165
2442
2609
2524
4689
5739
5071
8521
7643
8266
7623
1460
8759
8948
3798
2782
2504
4710
4568
2402
7169
4696
2150
6818
5843
266
3927
6073
2144
1145
7677
661
8467
8786
3597
4252
9531
5834
2367
2065
1932
9050
3413
4348
9138
591
3934
3407
6541
8124
9094
9830
2658
37
6299
2710
5282
7565
4066
8302
4675
1879
9349
9550
5024
3061
9333
9619
3856
2888
9248
260
5490
8980
1180
7046
9042
3731
4139
5670
9492
4153
3870
6012
1169
6262
2194
1919
2309
7387
8560
8329
5579
449
5671
6903
3363
8933
9886
2967
6542
7317
2874
5575
3749
3578
7505
6794
8106
9928
4318
1432
1231
7938
922
9880
2923
2982
6375
922
8912
5594
8917
2760
8677
7696
1071
2334
2405
7579
4053
9421
4648
9397
4416
7973
6578
7522
6978
7195
8703
4220
6696
2197
597
7381
2306
5042
5843
7077
232
8901
55
8476
6409
5970
44
6791
5370
4534
713
7985
5738
1400
7364
7869
4759
1434
4345
3044
1582
8013
6880
6759
405
1123
8906
6811
5536
3508
2741
2033
7065
8819
9105
9177
1437
8125
7198
2233
9434
8902
3596
5355
4423
5800
9294
82
5988
5920
6717
2190
5162
2738
2484
1682
3353
7928
5292
7427
5552
9033
3040
4355
5433
7852
99
6802
3912
1332
3350
631
8945
4605
1713
2204
9533
1895
7427
7646
6727
5876
1663
3609
3800
5135
3241
4754
2403
4094
1560
478
9239
1679
7565
4046
3692
8098
3873
6916
9465
5454
7012
3916
297
6045
5615
7601
4465
4686
7200
407
210
1518
5444
4322
2405
4079
721
3382
5839
3653
835
160
2306
1169
122
6558
3504
3374
7484
2779
155
397
1778
9119
869
1793
6292
3164
4678
3503
7396
5490
2168
7173
7604
4784
5704
4122
4943
2614
380
5
6763
9786
2788
127
8018
1151
6016
633
337
8932
6558
772
3277
9061
945
2261
8272
5066
87
2875
8962
2048
4542
5238
2564
9235
8188
1480
7115
9913
1082
7990
4915
216
4095
5396
2681
7965
8007
2446
7326
6653
1188
5168
8716
5366
6444
2496
8722
3485
1658
344
7221
8625
1034
2179
9309
3845
3710
7595
9881
6707
7179
4549
8899
1293
7797
4866
2174
654
3805
8360
9397
2199
8892
5631
9154
3026
4827
6737
8238
6106
75
3810
3571
8430
7536
2892
2829
477
9629
4349
54
3900
6253
6097
5756
4988
1429
7971
2469
2811
6485
9457
1448
4131
5940
4982
8291
2624
1097
2135
2493
9133
4819
4480
978
6949
9654
5024
2702
7298
5151
2721
6224
3243
4941
1639
2194
558
8219
5289
6430
3730
9296
4381
5049
8737
4160
561
4814
4014
8867
66
2102
393
1538
9263
6412
8936
9871
2952
1877
9609
5017
1031
2369
2752
7726
3901
7324
781
3404
9291
9855
9768
9667
1335
2358
2268
9240
7305
9964
4507
7454
5073
4571
6721
1292
5015
1446
5910
3395
4276
7592
733
1882
2647
1934
5306
213
4689
2968
5323
661
9949
6220
5629
4877
3706
3887
6416
8192
3515
8899
8557
9648
2798
2420
1150
801
5802
8007
4250
3261
1594
8795
2879
8366
9971
8784
886
2237
4939
608
8365
3582
5805
6618
4448
5976
2064
5418
3490
1418
7513
3177
4648
9004
3245
667
7342
4430
7833
3795
5430
6691
9237
4024
4566
8881
8339
6233
9116
4026
9939
5758
3624
5348
8023
962
1082
1106
2861
4453
2160
3316
2215
7747
5253
4234
6029
8668
1081
9866
3774
8117
2451
9882
5651
7828
8570
6148
5278
5624
5811
9127
4632
4703
3807
4180
3542
7795
9135
444
837
8255
1895
216
281
575
2036
3126
2153
3192
5716
556
751
2364
2473
2068
9867
3770
1912
3837
1275
6708
421
993
104
3246
7039
2575
6668
2912
1318
3735
6071
6255
484
6575
1463
2152
9095
5067
437
4006
118
4582
8254
1332
2578
8386
3976
9142
2686
1124
3872
8377
3001
8489
7659
6621
9983
5197
5200
9878
777
6695
2897
4070
4754
9106
7692
787
1228
5152
1549
7234
1551
1975
8136
4487
5781
5397
9251
3898
659
8635
1173
7721
8670
3396
4489
9759
9332
5088
5637
2425
1397
8764
3536
9134
4312
6106
3435
573
1438
401
8217
4510
4102
2325
9314
9722
5275
6473
4797
6513
32
1087
7672
5939
7633
7011
5638
2551
4166
5570
7211
4754
604
9295
7395
2648
7829
5847
6900
3297
2462
2251
3594
4921
618
9537
5369
6069
1381
9952
4642
2355
3771
3824
9249
1422
9511
9209
504
6045
1899
4439
4386
6026
9693
5217
3601
5922
9632
7100
5864
1997
4358
5347
8914
7858
988
7895
2513
8977
1536
2030
2392
6259
5158
5368
8289
6008
3481
9498
4614
633
5525
6883
6626
3853
6799
6673
7369
5695
4217
8311
5184
6305
2944
8656
3599
2484
1480
3437
8841
2106
7430
8590
9094
4850
8824
7801
9268
5757
3784
2289
497
9050
7466
4343
8293
999
9307
4050
9414
6548
3780
6449
7992
4310
8495
2901
4262
6055
7910
1387
7935
8327
3098
5660
4374
2818
468
6562
4863
5167
1759
2501
4337
3642
1163
99
3524
2431
1067
9137
7792
4374
267
4873
9274
2926
3591
921
6675
9703
7301
7714
7976
521
564
593
9493
256
5825
166
7696
6440
1247
9618
4648
6754
2914
1049
8722
6297
8085
7317
3240
9790
4953
1374
7587
4769
6543
5490
4830
8179
4991
8445
8570
8081
5039
621
724
1647
823
7330
8415
7383
1554
4299
540
9256
6722
6115
4529
1158
465
8325
7518
6144
5799
6982
8902
8519
824
6434
8233
7457
9001
3129
5010
7960
5304
3057
6961
8579
6391
7089
8613
2691
8752
5296
7585
3644
8792
3316
6238
4641
60
9926
1668
4684
1382
8068
9591
4741
136
8776
7769
1349
3780
9962
2981
4015
466
7585
3359
7807
2804
3284
831
7640
4214
8290
9758
5785
4685
7824
1965
6081
5396
6670
2356
6727
2680
3420
1788
2767
8164
7174
7141
7224
2070
2406
5354
4476
609
3810
6112
4014
4664
4027
6196
605
3444
4522
966
7463
67
3698
5304
4489
1891
1749
356
1070
7344
5825
4680
4317
1558
5930
9675
518
1651
7928
363
939
6074
8575
6313
8893
3448
5793
9647
4689
9051
2116
7555
9803
1706
5012
3111
9788
4635
9258
5352
1530
6858
9107
559
1752
3181
6081
8865
1984
206
7502
8301
1630
4326
5808
268
5024
8824
7869
5342
1066
4842
7611
5074
7028
2427
8607
5799
9522
8789
125
5795
9527
789
2560
8111
5166
4004
3822
6659
6151
5295
2040
3702
6516
4254
9472
3319
9829
5139
3504
4761
1747
5608
2742
1545
837
1926
6616
2359
3703
9879
5510
1354
768
762
465
4094
1231
9628
7479
7454
7128
8073
4500
7307
1005
4502
9044
56
9495
9408
9514
2650
552
9914
5374
9400
4756
2020
391
3448
191
4729
415
2336
9817
3891
5451
3433
390
7910
5179
3040
2365
1874
2221
9358
8659
5942
5886
3276
2591
4281
7557
8044
21
9390
4585
2508
7950
7734
1139
2106
2730
5310
5704
7152
45
8043
325
1117
7424
8502
7487
3920
5995
2816
2672
2424
7364
3269
3542
4883
6379
7037
7482
9775
9188
1235
9557
9277
5597
4426
3848
2195
5908
5515
4506
8175
4104
2446
9199
4684
9140
2129
1
4308
1527
8870
3355
7699
1352
8173
479
2561
6631
1379
7479
4954
9572
6116
4158
5880
5372
1160
2687
6237
9664
3466
8192
4192
6300
1665
2154
9788
1321
3284
5530
8702
1707
1621
1534
731
7929
6134
4458
5117
2872
8564
1778
1935
7815
4937
8466
5893
7137
5023
5642
8455
2583
7622
5873
7722
9462
4977
1218
2749
5463
6062
6842
2199
7357
9930
3932
9416
3300
9028
2575
2028
7007
8914
4807
1480
683
9318
6483
4361
3104
8672
8061
2599
9933
6735
8737
3885
3145
3540
1709
7226
9275
9425
2317
3632
6047
2092
8887
1676
7775
9306
5572
7640
2897
5662
1301
5031
8823
9863
150
5231
5290
4789
7708
1189
4443
2087
5497
5149
9128
4791
2309
8505
3885
9058
1804
2718
7304
7127
582
7991
3623
1491
500
4086
8621
1078
4991
2948
8033
2391
4581
6917
7696
7958
2658
2347
355
2083
788
6483
6732
1514
25
5724
6179
3923
3726
5147
3646
8858
2190
979
6847
2963
1692
3656
8855
6165
2253
3071
4185
6271
6129
1353
9893
467
360
7367
5635
7369
3976
4818
5674
1437
3761
9012
8000
5016
4005
5903
2813
6393
7099
1144
6237
8409
6680
5951
4332
440
2381
3020
5621
3932
2248
8585
2240
3157
5053
60
2664
3639
4880
7996
2824
1717
5665
1448
3724
4221
5535
7043
9239
4778
8918
5234
6145
740
8815
9602
6318
8744
9792
520
531
4695
4917
1131
2021
8504
2029
9213
1979
5025
7030
5670
1468
9852
5109
5836
2516
1068
2609
5435
6740
7249
7230
8204
557
5348
5140
5739
1700
7791
4828
5665
8649
2143
2150
9311
5478
8349
151
5672
8608
9473
837
1330
2244
4624
390
7993
1494
9142
6356
8100
9670
5769
2781
4349
5818
1456
6446
5444
9786
1200
8315
2063
140
3390
4468
6798
638
4781
4791
6001
9946
5128
9517
3424
57
567
7289
859
3636
2743
9744
1881
3784
4528
5838
5679
2302
6536
2717
558
9850
9217
3140
8753
9249
7848
5360
405
4072
9230
8185
8939
1790
917
3136
7554
4478
9760
896
2297
1903
5929
4354
4350
5733
8583
2785
9284
8140
4994
3958
8587
5957
7065
1662
367
3524
5550
6191
1370
5128
3491
7040
1631
6530
746
6361
7031
5571
1371
3133
6130
3830
9059
9003
1159
5581
4080
1799
9219
5810
6458
9424
9456
9467
9207
4301
3805
9261
7377
5388
9821
2608
6814
7592
1505
1787
2081
7870
9711
1531
3897
7923
9896
8574
7065
3032
2274
9001
8868
9426
8106
2492
6514
354
5996
5469
1890
8868
4600
8441
114
5754
8106
1910
2532
1359
712
6944
3352
9127
9891
7889
6624
8006
842
446
8098
1564
1961
9859
2250
6695
9251
7826
5626
758
145
6299
3126
5226
405
4273
9703
4828
2711
8815
2978
2231
5767
6373
8771
536
9244
9220
4332
4804
3540
1657
587
550
4943
8719
40
8277
23
6660
2786
8625
4923
256
1210
5887
3922
6541
875
3389
2348
7096
9883
5990
1231
6884
58
7660
5475
5197
3626
1217
8267
8805
3890
6517
6552
6811
9935
3144
6618
1247
157
803
7204
7087
5012
3734
6584
4207
9667
7039
3177
6287
9724
8236
885
6120
2686
5648
9982
5974
9868
2785
3128
8946
5568
6246
1755
4557
657
5142
6263
2999
7723
3113
7037
501
2612
5733
4471
1357
9263
3770
9806
6669
2728
629
3757
4883
7841
2765
4000
2409
1633
5340
8694
4580
65
9327
8209
2182
599
9386
5173
7077
5864
3703
1120
6243
6868
5940
1100
1479
4043
3807
3415
7927
2559
989
501
9627
8080
2997
890
3054
7656
7202
1165
8206
9284
9820
4738
7838
3408
1852
4600
1962
4950
6425
8455
5274
348
1217
9147
5283
8567
7045
8600
7823
2182
8290
5804
9709
8760
5023
4188
7336
4278
4698
9802
9843
2820
6350
2256
6039
6782
5807
3360
640
693
6396
8118
4007
2432
8868
338
9244
9101
9633
9067
5919
7880
9740
207
43
6846
3419
5289
8143
6649
478
7475
9553
5525
1792
1498
8719
2707
3993
6015
3616
9694
2796
7390
2091
6032
5839
2202
7133
9799
7584
9544
389
1813
2167
6667
5141
3890
3744
6878
7056
5253
1885
2367
9671
9992
9929
5210
9464
9074
282
4371
8134
3104
8120
1752
6422
7957
2097
9332
4327
8730
2573
8550
7211
9272
9335
4463
7130
4272
7336
8836
979
2265
2906
1399
6270
7127
4906
8965
9655
365
9144
5103
3957
9533
2174
5376
5851
6224
8678
8861
538
7633
240
1605
9753
7765
8766
926
2649
7149
34
9862
9120
9773
3192
5000
5629
6777
369
918
6805
4444
4012
5827
7966
6386
7897
5209
1245
8198
3793
655
7803
7430
4709
5778
7283
8261
1628
2347
8453
6721
2539
3284
4367
1307
7198
4781
3696
9111
7448
357
8163
5883
7545
4075
3244
8668
7368
651
1772
4770
1711
7173
1355
3416
9199
5263
2216
2382
4641
4790
339
7942
8916
5955
7827
9449
7226
7948
5355
873
8755
2823
831
5066
792
289
7027
37
6797
5334
279
8800
3551
5894
8142
1094
1049
5740
5469
905
4077
9384
5839
9713
791
7365
3524
1484
5693
6539
470
9243
5204
8364
8634
2060
9804
6386
2929
6055
6738
1498
6395
4882
8706
5686
8578
5503
2619
3922
9760
1975
6420
2370
3120
3238
2340
1514
9913
8846
856
8587
8600
1671
5986
4821
4709
9731
2360
1505
7592
6276
5545
5991
9440
2528
8278
434
3414
9560
2423
4201
4035
1885
1926
4446
2737
5563
446
3911
4651
4150
3239
8000
1371
5631
8675
4547
8445
4686
7640
4064
6680
5984
4959
1385
2442
5410
5387
3498
9515
873
6020
367
3980
5989
2942
2530
8362
936
8579
2814
7665
9492
9425
7227
4366
9623
8949
512
337
4782
9711
7380
8656
9913
3101
1762
9321
9026
9285
8564
3272
9475
6301
6027
9210
8065
4072
5192
7741
499
8663
1653
8071
7055
8902
3688
8115
9032
4912
4091
2772
6351
7360
6490
2017
5541
3366
8668
1098
3228
5473
5311
9346
9273
3706
2147
1733
4250
4982
4613
3442
852
8784
6873
4268
8509
3688
5068
4947
5920
6066
5253
1907
3926
1411
1887
915
8154
5487
9279
9107
4059
5266
1078
5112
6479
6511
4684
5897
4745
6691
3138
7449
4493
470
8277
2479
2747
7849
6697
9652
3349
3469
2136
1211
9756
8569
9043
5225
1836
9853
3790
6674
3847
6695
9150
6742
4089
1819
8530
8370
9597
7964
8397
3627
8160
190
6836
6279
8848
8778
2570
8612
250
5432
4765
3866
4828
7665
4645
7432
3233
8726
1609
5699
6593
9969
1482
9366
7775
6927
3168
8457
7927
7234
1318
6180
5831
2394
3200
6410
7391
378
4439
9202
4393
113
8986
4106
1046
4960
1484
5740
4535
2369
3128
7464
5569
9437
788
7606
6597
5216
3773
3880
3045
9450
8495
1413
4054
992
6305
8151
3606
9636
6590
7762
1033
3664
1061
4520
3314
1782
5688
4219
5296
7833
9147
6192
1319
1032
1318
8930
2213
18
7511
5015
6671
8201
5822
9563
7885
6578
972
2789
7360
8619
4750
4290
7131
8553
5670
3414
3543
5730
6245
557
9404
6130
5319
1149
1730
4801
4842
7980
6114
3465
1097
8758
8564
3326
9580
8586
2954
2523
8231
8422
4386
3006
4118
2124
1923
1928
7618
1660
7260
1016
4416
2168
8197
7402
235
4201
342
1333
6810
3582
4079
4120
8642
1899
5128
891
3218
6050
2735
6236
1059
483
6154
5964
9466
208
7650
1847
5441
3546
5196
6951
4141
1500
1215
5174
7480
1803
8255
9687
6812
3601
3013
8766
4097
8270
8190
7152
1706
1724
6814
6292
6245
9209
9683
6712
5636
3217
9779
9691
9052
1554
9188
5261
911
4314
7488
8897
709
6499
4614
7368
7881
3738
9504
6481
8986
2270
5590
7819
8531
627
3525
8362
3008
5948
68
7581
3088
4970
947
3286
5851
1592
862
8416
9444
2621
2895
8636
1972
7360
166
6554
384
5132
7648
3897
6656
1639
4131
884
8776
7878
3579
1799
2713
4474
9708
1133
6460
5729
8076
7353
6854
1501
2825
6700
6321
3624
5245
5478
1603
6728
8341
9821
6365
7694
3550
6013
7728
2014
2375
7744
5588
8666
4722
9323
9403
3849
5419
6512
8111
6966
5785
5068
5840
5119
489
1360
3386
7698
7919
4995
250
6056
6970
2998
9992
6679
6499
7469
1461
2431
1145
3801
7519
6140
1102
1927
3091
7768
6379
1453
822
6418
1761
800
17
345
4869
505
2289
6386
4014
8183
3641
8924
4242
6647
8960
6529
3012
7058
8983
8672
2816
1640
2175
1918
3056
5392
5739
3214
8649
3640
3118
7071
7955
6567
5331
1619
3944
1426
8912
1231
6198
2981
1340
9487
6696
6010
9202
2016
5545
1556
3344
6745
3907
4916
7353
2596
3053
2997
9433
5835
114
6696
6120
8003
9711
4688
2526
539
4841
5467
630
5379
8785
6531
5836
8989
8080
1113
7125
5193
1982
5294
4715
4772
7542
7571
5976
5938
2445
315
9480
1557
7924
196
4454
656
7757
690
4053
4177
1537
7087
5129
3826
9667
9269
7518
6909
2788
2553
9441
4217
3472
2195
7537
269
4150
5118
2544
9427
8371
8495
223
1006
2853
3917
9555
4455
3175
8510
622
6461
9379
1504
4367
6082
1901
4880
6434
5465
2229
2838
7688
6482
7198
2098
9000
3668
6171
3353
2974
1663
3365
9545
7323
8716
7884
5216
9875
5605
819
7291
8086
3179
5879
3208
3287
3976
8888
925
5729
7688
4349
8653
302
123
4508
2127
1072
4756
1919
5507
7851
1556
8182
1603
1429
5927
2009
1348
9030
7550
8291
1496
3805
4198
1109
6699
809
6772
7412
502
7834
9331
7908
9090
9427
9403
727
218
3091
5792
3781
3197
6593
2408
3658
4802
1560
4016
9703
8906
3671
2604
6563
9905
664
527
1715
6668
7296
7588
36
7731
8959
4169
6640
708
9174
2931
3399
9847
9314
6867
9960
2163
7652
1730
2298
5962
9158
2812
7526
4116
4873
1523
4478
9296
7280
9049
9540
2606
2888
9112
1318
3565
3688
526
2627
9177
856
5192
8536
4626
4633
5862
3923
1299
3841
4501
3882
4676
8467
9884
9303
4067
7855
9142
376
3993
8847
8083
2862
8901
3857
9730
2253
2174
9253
358
7877
8194
4520
6326
7904
7233
2470
3730
4632
7069
6995
8624
593
7471
8804
9346
7076
12
7343
4231
8006
6118
4612
5810
3966
5192
9784
8300
1014
6463
9018
9421
1770
7996
5890
609
2296
3092
8440
1769
6931
124
2661
203
4911
2318
9933
9716
6698
68
8484
6057
8021
3253
136
622
5084
7799
8815
3778
4554
4277
6841
8595
344
2945
493
9935
4596
7633
826
2113
8523
9413
1571
6586
6511
5412
1387
901
9618
2209
7350
7400
4753
7098
7938
8397
529
8466
9631
9543
5691
7690
743
5986
557
8618
3638
5290
8128
6666
8474
5786
8915
3910
6819
4505
5558
5092
5535
7279
7586
702
5430
9060
45
4431
3116
6393
5388
4465
181
9771
6624
7998
9038
6327
7013
8972
5808
528
4534
2341
5714
1946
4798
2689
7127
2462
7741
3714
1507
4736
3804
1111
2194
7644
2255
8265
2274
8332
4019
7609
7805
5645
9666
2590
9527
1794
6530
9748
2675
5026
2065
8888
2626
5910
1966
505
21
2654
6203
7798
6171
188
2424
7412
1077
6051
3526
282
4231
8836
7058
6725
3149
8600
3900
8863
1869
1626
1128
3806
6468
1888
3419
2229
8565
4477
6023
431
6114
5445
6840
3416
4731
8680
2516
3091
9980
1277
8981
9294
8339
2454
3230
9764
5946
6184
3032
8788
4616
3515
993
8134
1770
7760
3539
6287
9264
2715
3388
9030
5794
9750
7686
7043
3586
1555
7047
4217
7852
3618
6334
4893
576
7369
9297
5817
8838
2930
950
6382
8981
2986
2092
2785
8520
3409
5658
2911
1082
9076
6299
1776
7296
702
7751
1418
6358
1316
4616
7016
4665
707
7378
2456
5900
8802
7079
9296
5144
5983
8891
624
5539
9701
3050
2635
4117
4649
7798
7604
6140
331
9135
5465
5842
9773
6451
6733
6241
5362
4969
4823
5223
2193
5883
6372
4889
7089
3572
8604
2299
9965
2863
9661
3908
2822
816
1185
8970
4455
6495
4271
6103
2562
4265
1944
5831
4738
9017
2887
8912
3668
4361
1998
5704
234
6614
4304
6580
2253
8392
5880
5160
1613
1048
6273
4471
5951
2468
7803
6101
5323
2367
8254
7262
337
1993
4558
3623
802
4327
2443
1543
8547
8944
1923
1054
5851
1390
2899
3284
6219
9549
780
9242
1115
7876
8632
966
1375
7757
4060
2985
3472
8588
2858
6996
1410
7784
8824
7386
1939
1024
2273
5436
3351
4178
418
1383
1539
3522
9190
7715
1149
585
3860
7889
1752
2791
9607
5727
9455
561
2179
7224
8098
1250
8648
9088
5888
77
4931
1709
946
9240
1761
8334
8131
8503
2444
8302
108
4957
1094
4231
3629
4987
2608
4103
2337
4862
207
223
5487
8577
9544
2496
6515
5016
938
3893
6512
79
3230
31
9932
7538
6675
2536
9228
9204
6107
442
4025
3577
7600
6320
3622
650
4061
6785
509
2036
744
9243
1546
2373
7563
904
948
5758
4364
8357
7268
1070
8724
7595
3424
1086
1971
2993
1098
840
7257
8720
6166
8234
2932
1448
4132
3200
781
9928
7829
3194
4107
8237
2336
5747
5526
9071
9694
384
1772
5616
9041
5681
7813
1311
6993
8979
76
6815
8378
4267
9881
1918
4745
7100
49
9615
149
1222
4854
7518
5193
4830
8626
2650
6428
9855
8488
2895
2115
3223
7925
5995
8223
9945
754
9024
7129
2004
1571
5342
7352
5660
5349
5790
1021
3438
4812
75
4052
2464
4486
380
4766
8865
3850
5726
8627
4920
1421
6033
1566
5941
8728
2474
4024
6616
8763
4119
1260
4689
2735
3738
9909
6434
8988
5797
3187
2840
1461
6360
2353
5637
6002
8630
4816
5619
6635
1127
1268
3437
4227
647
6434
4205
9462
5311
8884
1571
140
686
7449
2204
2103
6621
4405
5743
3889
1743
5312
4239
7192
5225
2107
6118
8422
5082
5231
8296
1436
5822
526
4466
3563
1548
1387
8931
6791
6338
3631
3899
416
7497
5197
610
3689
5650
634
6146
411
7273
3448
6071
5556
251
1469
3348
3049
3638
469
6623
1277
9404
5762
2583
988
2186
5364
4138
5982
6230
9728
2052
1696
8599
7009
3125
2224
6059
7894
1160
3824
3423
8903
5396
643
5189
2526
4715
176
5031
7768
4331
4141
6636
5387
2419
4743
5148
6694
8817
183
5663
7949
3303
5804
2537
6188
5003
6246
3342
3888
5485
4522
3868
7003
5928
2131
8873
5273
7448
2171
5541
7847
607
4388
6042
6148
6408
1102
2840
9680
4098
5659
7285
1635
7080
4777
3270
3544
8317
3900
8570
1548
3808
4939
6841
2663
570
1773
5066
2683
9731
6243
8698
4146
9144
5837
3133
1804
5594
1010
7611
4366
3940
1397
4111
1502
5326
8096
5942
2490
3185
2012
7765
9014
5997
2847
2886
7010
7214
5333
6348
9284
7246
3759
2742
4467
918
1470
936
3295
301
4011
933
6572
630
7531
7117
3347
5626
2536
7184
9703
4999
1410
9864
9551
3851
7418
3172
3695
6305
3228
2802
7174
3819
2071
307
5422
311
9572
3785
1116
5210
9516
2098
2523
9086
9739
3082
534
5976
3676
3054
5937
3285
3074
9791
3148
7486
6548
4879
8524
6533
4885
4793
1544
6069
8355
945
3146
805
471
6131
6074
838
9901
7706
9035
4606
3267
7775
8024
1722
6315
4361
2488
2854
5180
4283
6192
3076
7800
8358
2662
8139
9299
2432
2358
2564
3623
6593
6554
8454
5183
8257
3834
2935
6968
8368
8475
8698
5382
2441
9110
4717
8099
9185
5551
5664
7816
3117
9653
848
8218
4671
9354
1441
6593
7410
5221
7257
1481
2280
2371
2081
5415
6860
3862
7384
4885
1466
3512
4936
2132
2627
7406
4066
9572
7450
567
3196
1628
9044
2337
4838
649
1913
1954
8608
5001
3005
7995
2088
8635
4263
7446
5826
8879
8771
8276
1074
5496
5870
4263
8748
3183
4263
1047
4711
4852
3813
9602
6057
2824
4627
6737
5819
7714
2365
235
2624
1987
647
972
9514
7160
7825
1345
7434
3854
6906
2299
2295
1587
2783
6273
45
635
8546
416
971
6373
1208
918
1692
225
8171
2228
3626
1409
4141
8765
4311
188
3945
1046
3927
1409
9919
4334
2272
5676
2385
6100
9465
8256
2388
9142
9543
9377
5797
8668
33
1343
8043
5636
6249
6538
672
9073
2444
9754
9177
3558
3495
4518
8105
4403
1398
4527
9139
8466
7528
9435
8042
4437
4351
8597
3335
5444
209
9107
300
4385
5530
8989
8405
7276
8316
9820
5715
5269
1258
8116
1100
6464
1945
6709
2057
213
4860
3025
760
8053
7006
5101
9366
478
7001
5117
1176
4801
8327
7547
6683
1104
4363
912
8476
4624
7151
6007
4152
7643
891
1822
2601
4964
9018
2662
9115
9749
6825
576
2906
9549
472
6268
6009
5627
3709
4324
6367
5474
3614
4780
3775
6132
5936
6727
7132
5120
9273
1777
5871
6193
9953
3417
4054
2275
5136
7440
21
4444
2893
7109
1241
735
8060
7065
2941
7107
5454
7631
1156
1140
9983
7514
8274
8466
9081
9509
8635
7051
5951
4534
3175
5773
1535
2858
5766
4576
5507
49
197
2370
3850
5577
1387
7491
7006
446
3074
5553
813
5832
2171
4193
476
4855
5368
3044
9606
1003
3986
2338
830
7603
1245
2606
4948
8788
329
4510
2012
6258
9961
4309
9408
5316
1391
738
5656
3182
282
5369
5494
4401
1963
1726
8474
3562
6779
8969
846
2925
7739
1342
3295
4316
3409
4032
2310
6668
7061
8487
922
3139
7828
4017
5183
2244
7288
9250
5859
9169
6403
2087
6335
5246
1449
7879
4898
862
95
682
9000
9457
2520
9886
2756
3571
6381
9808
9810
5253
8566
175
4067
3017
3409
5087
3567
6938
3007
3502
6561
1230
9303
5832
4029
6277
8574
6701
2968
3103
6675
1480
8619
2420
4495
8993
9377
3023
223
4181
237
3532
7331
5605
4086
6826
1911
235
2857
4983
8314
8512
9804
531
8301
6670
8288
2805
2935
3215
7975
245
1757
2854
9991
8401
5556
6192
7879
5452
8433
6244
6361
3862
6365
2695
6068
4307
2252
6437
5216
4557
8264
4073
5867
1889
6716
3876
4874
4011
4694
4854
8733
1668
9161
1302
8329
4066
6322
1963
6004
5001
6323
6405
4739
9154
5897
5419
5806
7608
4265
4077
7136
2925
7049
4244
9476
6980
5408
4051
1085
69
3651
1778
5128
5861
9795
6256
9172
6885
2032
2621
1170
9570
4173
8805
6973
650
7589
6078
3780
7931
1226
3020
1793
2955
7290
8708
8627
2213
3786
8848
4594
4640
5219
7555
5955
8409
4798
6365
6067
3869
31
9181
1007
676
1687
8762
4755
6345
9539
9235
6116
9797
2452
9837
3945
3414
540
4444
355
6650
10
2022
4301
3963
3442
511
5989
6115
5907
7295
3190
7291
4396
295
9260
8358
9312
4807
543
9659
4217
8147
5070
2424
7258
8501
1732
542
6771
8552
908
4995
2994
5696
1942
6513
8835
1532
7097
9564
9101
7713
6175
9641
4920
6962
2853
6912
535
7980
6164
8915
528
2007
5355
4617
1386
3445
8874
6102
1545
1656
2470
5118
8
4646
6316
4613
1609
7319
5558
9712
5367
8868
3535
4065
9464
2738
3263
954
8514
6597
3191
5276
2595
6620
4969
1467
9730
2531
4435
3133
239
7501
908
1237
7768
8013
803
561
7028
1352
2437
5839
9312
2049
8800
4189
3740
6010
9498
3003
6260
4499
1861
4746
3588
7794
7581
2728
6666
2742
3312
742
5817
2206
6505
9625
795
6199
4056
453
5232
9675
7189
4002
3760
910
9964
3415
2798
96
714
2043
4706
7918
8538
3548
1814
9959
2961
5421
3114
3095
3451
7683
1554
2671
9940
17
6499
5694
5886
7655
4777
2947
9632
4218
8425
3322
7363
3584
2598
2041
5593
4098
4801
5161
4230
8619
3666
9061
2891
9219
4484
5391
4834
5027
4584
4888
2589
9095
9594
3729
3737
6441
343
5085
9352
3073
31
4731
4693
269
7587
4860
6899
7111
9924
7834
969
4707
2973
6360
9813
6174
4097
1051
388
698
3922
8827
5620
4564
4438
98
9265
792
5257
4935
1968
6855
1864
400
1207
7751
6442
3706
5395
3896
4673
8599
4551
9094
7027
7305
3117
662
1888
616
2422
9868
3893
4933
367
405
2426
9975
4060
9143
4354
5325
1765
8069
4775
7237
648
7851
943
5507
6269
5753
5204
9560
1622
2371
7533
4523
9824
8749
3808
4467
4825
6
4090
7636
1130
2664
8965
1736
1259
607
5071
1522
232
1513
3883
3509
1023
4906
2998
3409
1118
5819
8632
3642
7734
6471
2591
5026
4031
7208
2721
4703
0
7416
7589
9369
8136
860
5041
7731
3511
6084
2831
298
5774
1282
6089
7076
9788
400
5358
8158
2479
6913
1410
8185
9180
2487
7453
6010
573
6658
2680
8727
8276
6083
426
8727
5106
3898
4688
2643
3124
3835
8013
2659
8409
3611
99
4930
2989
1237
6320
7072
8991
5498
9537
3706
4201
3781
269
6094
7347
4477
509
8610
769
2766
1121
5789
8681
7317
1864
4742
8477
3633
1367
3589
4891
6639
6788
5529
2568
7181
1598
1413
3816
1118
5123
2951
2286
8480
9924
8070
4576
2266
8847
2119
7794
6852
2147
2807
9891
1179
8701
1011
4329
5626
9641
2803
7460
6565
4498
6735
3524
1051
1127
733
7446
9112
9458
8501
5248
2830
3062
5288
3133
8520
7224
8670
1109
4003
7674
2541
2520
2386
6595
1188
8117
9777
2278
3595
487
6877
192
2870
2930
5664
7261
6721
3490
1144
3003
6445
7054
20
5228
4777
8146
2135
77
9048
8874
4023
8081
631
9238
2790
7600
3151
7819
102
8522
4767
7656
2002
2705
522
4852
2194
1147
5919
4055
4121
572
9853
3953
7578
5530
4385
5807
7637
3131
8315
8296
2306
4962
3853
3125
5933
7279
7993
3823
8648
6907
6135
9951
5713
8048
1273
8248
1323
2462
9402
2097
6281
4906
4793
1871
7338
8460
8016
377
3032
5700
4393
1327
2897
8152
6603
4900
14
5690
4057
7737
7142
2020
8298
780
9849
985
2234
101
88
1782
1237
7912
6903
9595
1311
9943
483
1500
4687
2240
2947
2543
3950
4142
9781
4432
2722
1445
33
2523
4310
6400
6431
3585
8331
2246
7086
4975
3961
1768
7526
5011
872
2836
8407
4832
1714
2900
8881
777
3017
9289
8193
5515
4908
216
4336
2839
4532
9747
8492
1296
6092
1099
6334
8305
432
8696
5620
7397
2319
7774
8107
1703
7441
4071
4430
2179
5829
1840
3077
4723
6256
1013
7329
5967
120
4628
5397
4063
4006
2994
8267
3651
1921
6788
9786
9167
5774
1917
6980
7730
993
1718
2721
7410
9521
1472
940
4076
7751
197
7903
1864
6176
730
9965
1228
7455
4216
2714
9600
9886
1305
8968
6790
4642
290
8621
1760
5790
5666
5088
4896
4119
8334
7479
5497
3474
4483
6854
8176
6577
2384
72
9811
5107
6114
8817
5275
2298
1671
6753
8742
147
6554
8064
3830
3617
7704
6202
22
5774
8486
7162
6577
2045
7717
3718
2944
2395
4072
9430
9816
6862
4479
7365
4875
5081
3914
8968
9635
2326
9177
3413
5609
434
1914
8381
4341
4653
731
2776
2296
4348
4793
9819
272
5510
233
5894
6640
9649
5844
4515
8907
4250
8979
3329
4794
9381
2722
9545
3581
4327
6648
8
9590
7627
5229
9951
1430
8057
5451
710
1714
543
8803
6335
3845
9161
9506
6562
9857
1938
5403
9334
5106
5465
4994
9768
4373
6369
2317
8313
9307
2679
3429
9458
4453
3622
9255
7730
9541
949
4082
1936
2797
9513
9889
2300
7757
3924
7622
7197
3222
803
4532
8371
5791
8606
669
5429
3351
5443
8883
6822
9871
4946
6815
7480
5295
4316
6805
353
3968
8793
2070
4343
4729
4434
3914
7763
1718
6560
9233
3478
900
3098
1838
4886
1244
8287
8942
1263
2324
2514
6166
7293
6597
7790
3627
8946
3321
8389
536
3696
2702
1372
1571
7507
4426
8828
1903
6404
8950
396
788
1831
5536
8236
87
9579
2450
9298
8594
853
3572
9287
5537
8155
2755
2588
3935
4121
508
2749
8451
7760
4971
115
5686
9906
194
8621
6975
8564
2809
2852
4155
1696
3217
4469
1174
1370
222
594
9263
1641
3615
9333
2362
4146
1271
5945
311
9724
6029
2793
1755
9715
9838
7264
9890
4724
950
3684
7528
1495
6276
3227
7427
5003
9981
3087
4151
1492
9016
20
3844
5537
5837
98
1261
6176
5321
7738
5988
8822
6951
5810
7851
3371
3648
2767
2184
9977
5613
9071
8815
1204
3818
7459
4249
1310
3039
9377
316
5144
8176
1734
522
7993
3985
9587
9164
1574
2796
6381
5121
887
6218
5181
9396
7010
6843
6449
119
5018
206
2339
433
9748
3605
4750
2723
805
1096
4557
2199
1664
2370
9945
4628
6056
2343
3599
6127
2673
2793
5996
7415
3632
9919
2496
7031
1462
4822
4222
2502
8838
5064
4673
4443
8363
6749
4534
9490
15
2723
1723
7190
2111
2255
280
9223
5785
8723
3890
6260
4373
4266
8844
6808
7086
7984
307
3302
1593
2167
2739
3258
1045
3494
811
1716
4403
1947
9344
382
4338
8722
768
4027
8130
1995
307
3715
321
4977
9627
4318
1000
320
2973
6163
1614
2017
5161
7650
1381
622
292
3515
3227
3342
3020
6205
9929
5303
6714
5223
3136
3510
4158
9997
4166
1860
597
1070
8300
4004
6823
9226
8559
755
5261
6648
8567
2284
6496
5573
4426
5887
5982
8114
486
733
728
9792
2335
4329
3799
9737
1594
2083
8058
1443
9258
5031
5422
1065
2999
3164
1925
7275
6829
1259
5713
7663
4242
260
8487
9454
1006
235
3175
8287
6373
2629
8738
1992
1357
7022
9728
2553
1697
3375
2646
2034
379
9130
6990
517
670
6371
9962
1365
7880
5387
859
6662
1400
5291
241
6197
7056
9059
8937
3004
944
1536
3003
2552
6900
4185
4312
6088
6353
3885
3990
5839
6070
7204
2497
6952
4680
1589
4103
524
7647
4988
4883
1442
1297
8269
4650
5986
4376
4885
8682
8779
6000
1567
990
9876
2115
1494
7265
9520
5386
5919
9256
1003
5503
692
3752
1679
3686
1291
6917
5577
9416
6698
5641
3238
4269
1483
9274
7879
775
6478
6210
4128
8773
5623
4316
6199
9349
6931
1927
4794
8265
6923
1599
1825
1085
4758
9836
5108
9612
8961
2977
9626
4685
4641
1414
9455
7050
428
5819
4325
1035
2929
1203
2721
1230
1639
6726
7688
6536
4540
7581
5229
6485
2869
2742
192
1486
9467
1534
1620
3170
684
7506
5731
7774
3145
1971
3850
8240
2503
6860
7393
1463
8320
8526
7077
3398
4912
1713
405
4211
3222
3917
6080
6503
8684
956
8510
2932
3854
9969
1175
8702
7203
9281
7069
5598
9044
3137
3631
7614
2743
3509
708
4233
1085
4418
2999
7353
7054
7481
1558
7124
4452
6046
771
3696
2006
9728
8991
6000
4204
2672
3599
6105
7249
9187
4566
9292
8459
903
3354
7625
1634
8075
2913
3657
2806
8122
8931
7983
4158
9135
4555
9138
8649
4010
1364
3278
7695
4594
3771
1659
3444
5736
3025
6869
4383
8443
6059
6353
3109
1541
6791
489
234
3738
65
5431
2549
2705
9178
3046
972
6695
1509
2753
109
4648
4970
2782
3921
7080
2499
3092
4267
7181
307
6154
8108
678
4175
3337
500
324
8392
1584
891
415
5318
2353
739
1813
7920
1194
8562
4048
3320
7828
8050
2599
4374
3951
4108
1186
5750
9848
1338
6480
1811
2173
2730
1183
2878
5707
3160
6178
5343
8562
32
770
8531
5942
2565
4772
3574
2316
5145
5598
3232
6622
5579
7228
1425
7009
7854
7228
1223
6425
2279
6882
1803
7075
2203
731
5638
8925
2174
9686
1816
3082
4785
1270
7528
4548
2392
4499
9000
9939
1984
5085
64
3198
2261
9299
7365
3286
7097
4536
5685
6158
7996
5654
3400
3561
6217
4162
1751
1753
2806
8436
8968
5065
3535
2751
7976
3812
9235
2803
8895
2106
9724
3125
8318
3591
6380
8271
1169
3457
8384
8022
3918
3920
7522
9342
8555
8440
3292
2449
3965
2411
2113
4584
4307
2012
5692
7327
2519
7663
8352
9335
6525
9221
6569
2301
8876
1620
2202
6553
181
7749
8328
7558
4323
4155
6851
447
9676
8884
4109
7608
4653
4215
2053
4698
6481
2936
4031
3714
3891
6304
2526
107
7182
5062
3063
5118
6748
6464
3866
9296
4657
6416
7249
9100
1106
4573
5661
2418
5798
8356
2045
6379
6105
6778
1646
9624
2184
727
2444
3989
5674
3465
2844
7987
8758
2735
9454
4313
3659
4213
6520
2133
7472
882
5482
4940
5312
1916
7977
2866
9378
194
3837
4819
5556
2901
7097
2653
2351
9955
6184
4015
3170
9579
716
8647
8357
7671
4748
1200
3914
4854
2309
5373
2297
6190
9523
9346
8627
8384
7238
931
6883
6653
9387
9071
9894
8032
7356
9852
1506
1852
3138
1319
4788
7964
8379
4721
7416
1375
9647
7628
2909
7831
7163
5094
3595
7982
1225
9233
9691
7613
3213
97
1582
2039
3804
6154
1356
9722
9039
9708
9679
6543
9302
1383
4076
6856
8102
3287
7702
4405
1086
4539
3718
4157
2430
4459
394
889
7047
3051
8149
9034
4803
373
1819
4051
2265
2817
5646
8729
8033
7121
6632
8763
8811
9040
7054
7957
5773
5245
187
8321
3698
2899
2285
4742
812
2460
8771
861
1771
9289
4378
6725
8638
5345
6212
9980
5949
6963
9986
7444
1544
3748
6567
9948
4682
4488
8519
3137
2781
4816
1782
6063
6395
646
7175
8484
1784
8441
6048
5910
1970
6045
2778
4679
1580
6331
8946
7723
6347
8665
1595
2341
7126
8355
4799
8111
1782
1197
7714
2901
372
9942
3827
9819
1886
7914
8140
5852
1870
518
4376
8266
6261
3328
8671
3031
946
1415
6185
2835
443
1799
1747
4975
3841
7263
6881
2044
63
6914
1459
8087
968
6059
557
2011
5910
6506
4712
8123
8795
830
5720
230
9740
7067
6745
798
427
9856
9745
6887
9113
3265
8166
2086
418
4400
2936
5471
6687
1844
6915
7850
4797
896
821
2877
8406
109
6419
3405
1907
4885
4681
6914
7836
9559
1226
4172
9890
4417
5949
2427
7636
621
4033
5354
1350
1008
8053
8438
9110
4688
1416
8443
2487
4712
7904
2797
7988
9542
728
5806
345
7112
8529
6143
9781
2994
5151
3106
6622
4566
3422
686
9163
3389
9850
2845
8675
8195
7391
3360
9657
1186
2673
5513
2390
3320
4428
2461
8785
7304
8817
8493
9486
1795
868
3967
1418
5857
8925
7907
6622
1417
5061
9342
7152
9845
9374
1700
382
8739
8957
264
6595
1289
423
2347
5032
2257
8647
880
5180
6089
9453
6627
5927
3176
6108
3427
6740
3541
6910
3766
5794
9016
9340
3590
2876
4816
5136
6803
4457
710
6115
6556
926
5589
2395
3338
6747
2413
627
4908
6813
3553
6193
7829
7147
2078
9271
4919
6051
8170
9222
2248
1114
9375
8058
90
8335
4279
6472
6243
3719
9026
3370
9691
3292
485
4615
4488
260
2220
2055
9198
9779
3067
2090
7168
9249
6527
2205
2576
7146
4813
7602
7983
6409
3325
7856
3329
878
7319
7153
6333
7553
750
4801
530
3198
8906
6451
6841
9589
6340
3739
7954
6422
1340
7056
639
5147
9428
244
9490
6143
2461
7990
1907
6902
6694
271
3651
8607
7191
8473
1270
5218
177
8588
5831
1562
2077
781
5517
2293
1654
3506
1037
329
1157
6785
2445
835
8253
5189
1123
474
687
7763
3319
4859
1411
3531
9842
7741
1589
5554
3406
8550
9946
7696
3804
4678
313
522
8692
2480
2941
8540
126
6269
3596
8340
6020
4818
984
2576
6401
224
4668
9661
2744
7064
5699
1150
9833
9365
8745
6419
4810
4860
8559
6055
6914
906
8791
2616
5801
3643
4484
3588
258
9741
6033
308
9778
3805
554
1398
2048
7425
6045
829
7472
3598
4962
7131
4857
6800
6309
5959
7485
4724
2468
5934
6538
2643
5803
6152
2023
6152
5899
6842
6727
4499
34
7346
3122
4436
451
3222
2016
3937
1955
5197
84
4868
7207
9384
8850
3832
6105
7539
8624
4906
2509
2123
1029
5613
906
7957
2894
647
8563
3620
6491
2650
5173
880
6544
2648
4581
8307
2305
2857
900
4810
2175
3737
2891
3094
7762
5369
9605
3708
9288
980
274
5220
1879
8105
7101
2961
8339
3178
6150
544
1928
3831
9853
9115
165
8074
5663
2527
5602
1262
1259
1919
5727
1466
4325
2772
4579
5878
2819
1742
2450
9294
9586
2643
330
6157
1726
7694
9345
2286
7269
8106
4534
1577
3107
7242
5808
6034
7393
8348
9502
710
5291
3146
3507
3061
4343
6753
2631
3563
2120
5438
6934
5227
20
8990
2382
7387
4894
6252
7774
2709
2508
845
5197
112
5157
8973
133
2924
4330
4520
2433
3721
4701
1222
4467
3846
8100
8960
6268
5202
1611
5845
3676
9258
1530
1867
8103
2432
9064
7864
448
8998
2049
8460
4457
2175
7722
2474
8124
1320
5905
2952
2557
3837
7869
4842
5102
4777
3415
4075
4276
8807
1175
5019
5757
5252
83
1403
3513
3613
5688
367
1746
8490
2234
6880
2270
184
154
5996
9451
4600
3918
2669
4514
678
913
6083
4849
913
8223
2940
1377
7030
9349
377
7156
4596
917
7758
1495
7749
6130
220
3370
4353
6387
2089
9088
2356
237
9851
8147
7976
1448
6382
9804
6298
5399
4845
8681
1888
4847
399
8546
4442
3077
4198
6875
1115
1029
9111
8994
5289
780
9933
4224
9651
2936
1432
6659
4020
7740
6153
940
3819
9166
8535
4159
1633
625
6960
9121
6905
8061
899
1967
4046
9264
3854
6200
8138
4916
2285
5223
9079
8063
7961
5239
4591
2798
1406
5037
1466
5863
6269
7169
2693
323
9633
7249
4149
4251
3252
3148
1138
5124
2634
7006
3385
5019
60
6114
4631
6370
5637
8043
2405
5177
1792
6090
3006
305
9417
5367
9899
1424
2705
8424
2026
9106
4728
1318
7517
3580
950
7109
6236
6868
8834
6374
4640
506
4422
3458
8367
4604
7290
2274
6797
3098
7429
3501
7142
15
2500
3244
6150
4945
6547
2220
3938
9318
8134
2609
7951
7745
5300
7213
8580
1452
6583
4673
9255
7437
2753
841
3943
9240
2951
446
4298
2448
6454
3767
6059
1287
1841
3693
1189
5338
9529
4464
3221
6055
1592
5140
8685
7678
8057
58
511
9704
7295
4877
4809
1362
2955
9144
3036
4569
1501
9763
1806
2866
6683
3619
1113
5018
4439
1185
8158
9473
4360
8655
950
5581
5199
1279
9742
8268
663
1095
7885
9366
1257
3723
6138
3354
1916
3814
6299
9752
906
6155
2573
5098
4175
9718
2356
391
9083
7893
5052
2499
2514
3635
509
4262
8503
5238
3449
4948
7786
8600
5776
8649
8677
9883
8687
7546
6034
4236
5679
7633
3989
9667
2858
1872
70
8129
1612
347
9720
6383
1642
9258
8970
4867
9413
8858
2450
617
537
630
2679
8706
3511
3971
7725
9182
2202
8364
3865
1429
917
5979
335
6693
5616
3660
1360
733
4854
6323
2770
1364
4853
5951
9493
6055
9922
7445
4771
841
1825
841
3203
2895
6852
5218
8382
9299
8466
8056
8201
2043
8726
7446
1119
2265
6352
4630
395
6527
8964
9391
4793
4109
6336
8500
8573
6519
3212
9802
5254
9562
1555
323
4044
3101
3570
5409
5187
6828
1812
5610
356
4678
3645
604
5502
2965
3909
9482
6593
7663
3994
3465
1545
6072
7424
6030
7423
6105
3612
8472
7395
2874
8217
6490
3302
9184
9465
2029
7853
2747
620
3085
5568
7446
3481
9457
4504
6847
7011
7201
3398
3041
5018
96
5446
5243
4631
8500
114
410
6583
9167
1110
2792
1913
9682
7715
3543
2775
9533
4015
2400
105
5072
7576
370
5913
1612
9019
2546
4923
364
4826
4133
9918
4229
7302
3895
806
2588
3086
4115
4863
1356
6380
3060
5643
1645
4561
4883
9401
9278
4942
8186
6245
5255
828
5387
1787
2078
5393
6244
5385
901
642
8418
1698
224
5418
5501
542
5283
7308
7265
7066
4972
5639
9764
5416
7133
901
1704
584
3316
3325
456
7571
8036
8646
1816
558
4838
8328
6670
4278
4023
7700
584
2672
8637
4122
3441
7160
4313
5480
519
330
5899
9287
2208
4925
3818
9695
9409
5194
7070
2065
4528
3288
1966
5152
7892
2862
6220
1159
8635
2831
4955
7123
3688
8911
2496
3273
6310
1812
8368
5445
8830
857
4632
9289
7367
2836
1998
5193
1091
6017
3324
8878
4340
1842
5215
7573
1442
4098
1351
4172
99
8444
33
258
2353
9164
1973
5134
8266
2745
815
8540
397
1482
2057
2527
309
6328
3148
1356
133
3850
3517
2476
8504
219
9932
6383
5961
2489
8702
2242
5419
3399
6384
3856
6719
53
8313
1641
9455
4290
4524
4959
4777
736
2101
2851
8433
3694
9868
2337
9931
5289
5216
2725
4040
4983
4222
4437
3162
7197
2801
8029
5170
4818
5047
809
7865
840
4053
3645
2720
797
340
5401
809
6268
9388
2926
4579
6670
9271
7378
6350
7695
5525
1146
2193
194
736
2239
4605
5322
3972
6303
1320
217
2923
6253
4716
2330
6120
8660
1492
6039
8388
2073
6346
8098
2473
4823
3450
8424
2614
9456
5840
1131
7505
8282
9027
5915
7174
2874
4586
9703
7232
4543
9914
4051
2889
1832
3393
9209
8369
8292
546
9694
3932
346
9318
6148
4869
7240
4066
7263
8167
5823
4882
382
3482
3934
1312
8386
4369
2336
4162
6008
2396
6995
3688
1206
6602
7283
4380
4710
9307
5384
1420
8006
8244
8894
2110
771
8947
5534
6013
4436
4720
1191
435
7633
28
5430
3292
3987
2887
2319
1319
4818
5868
140
5390
4365
4845
9259
9894
5314
9724
1651
9090
3451
1911
6420
2489
8425
690
7295
7883
6132
1847
1605
4071
1306
1964
9792
8544
4222
8960
250
4647
6292
3625
4784
8979
2444
5727
6661
9006
2890
8652
2903
5517
3717
5029
6389
5413
3463
6326
675
2676
6085
3269
3675
5324
5544
9734
4812
5881
302
9851
1693
7715
1610
9830
2499
5923
8885
9395
4589
1857
4169
4437
7724
8919
2060
8435
8185
698
9863
6477
9602
9938
4980
9794
5175
2862
8324
7639
5612
5568
9361
5545
2896
7898
2849
5357
6860
9209
2180
8665
8144
2244
9495
2092
3270
1292
7223
6028
4532
3165
8586
291
1618
2253
3177
3107
6283
531
3630
6157
8542
3789
6704
4452
4542
128
2485
3009
8489
9672
8907
2439
9177
2092
3576
9310
5433
2510
3887
3294
5046
3602
7362
5273
4970
732
752
5702
7402
699
4993
5420
324
5139
7470
9064
2518
7639
1587
5451
7083
3439
2475
6837
9944
5248
9388
2316
379
6765
4267
2192
2813
372
2234
4311
2539
9610
3816
659
4320
8428
3337
4299
2535
2703
4835
6962
6654
3345
4172
7018
3411
8705
1722
8979
9804
6915
2842
3107
1333
1497
8883
8843
5515
5189
7444
4724
9442
7092
56
4629
5768
8612
7125
7088
6243
9705
6897
2896
922
4652
5456
2541
8251
6918
534
1357
3065
3425
5520
6147
7242
1506
250
7096
6249
8882
1875
8543
8621
9176
9733
8249
1648
6272
9539
8546
4194
7286
1325
7445
4718
5420
6177
705
9549
4752
317
6818
1015
5659
1219
9794
3799
2799
883
6348
7108
2836
7224
5979
9382
4275
2499
306
5137
7828
6719
454
1606
2957
8719
4376
8091
7743
133
5829
269
687
5225
2827
9317
4409
5015
6197
7790
7520
6712
6004
4889
3021
8104
6659
9201
2483
8108
3055
8150
539
6772
7985
476
4176
6075
7875
1126
572
8022
188
6206
1777
7521
7398
8581
7039
9051
3286
2119
8876
863
8289
7879
515
470
3269
9724
2256
3792
178
5421
1120
6350
2108
2977
4752
382
3433
4199
149
1927
4821
5536
7432
6521
8478
9768
3146
8328
5897
2829
3129
5746
2153
189
3645
9663
3838
1372
7038
6050
5101
5209
8098
8781
3706
8543
900
8775
904
2208
1933
8952
3377
6949
6384
6272
4595
2891
2403
300
403
8734
8021
2104
6065
1158
7423
3761
1389
3084
9920
490
9686
4993
5949
4678
7454
3847
2206
6421
2469
8300
9663
6184
6635
8402
7980
8583
9050
8812
8500
9780
7506
7791
5541
6370
1935
8503
4671
3351
7753
8518
7796
7526
7349
6954
7945
4312
1383
7935
9900
6587
3091
8307
8872
8999
2219
5266
6228
9108
6473
5037
8522
4001
7688
5924
9271
153
3039
591
9853
9698
101
3922
7260
2645
1384
9739
3014
2258
9953
2694
3667
9525
3068
529
6373
7355
8895
72
4189
9346
1377
579
815
8568
9864
4468
5208
3191
4421
854
331
725
884
2162
6186
9954
7497
3430
747
5948
5665
2938
1475
4154
8771
88
9625
9808
363
1010
4949
7891
9279
3401
6594
6701
8312
3145
8500
7315
2426
1869
4330
4973
5320
4382
8607
6622
7569
6354
1365
4492
5639
3957
4941
3582
7369
9780
6329
717
9054
422
6407
9336
4232
7498
3332
2321
2663
185
5848
4155
8752
3056
1565
2318
7596
3609
8912
6965
1952
4009
4201
6441
797
2103
5560
780
944
458
5104
6461
230
6686
7811
8554
7982
6311
431
8984
5551
4515
8980
1696
5206
5190
290
5442
275
7292
693
4944
364
9811
407
522
5464
8031
8255
820
285
3844
5926
6421
9377
2036
5767
2718
4599
635
2301
8334
587
9776
7477
1527
6622
9707
9942
4602
8429
9622
1467
6888
9787
5441
7957
2066
2077
234
6687
1283
1957
6425
6628
7275
4927
9117
2188
4971
2431
2480
881
4071
4948
2095
7995
1111
907
9997
5567
7529
7839
1237
1640
3591
5836
5521
4905
6432
7155
4800
7318
4738
149
2714
1362
8557
9948
3146
2628
1319
2847
3579
9224
9064
4900
1455
185
9634
4522
9686
3835
6667
4848
3352
312
1249
2634
8427
3544
7911
1809
1709
6186
4517
5054
6004
491
2722
1781
3972
2302
7570
8848
9299
4942
7988
3718
8448
7463
462
8496
6912
7517
7756
8920
3791
9132
8481
3795
725
9065
7898
2080
4676
3697
4728
5115
9845
4894
7791
1672
7555
5876
6050
8302
5176
3483
4446
4892
1126
1837
8555
4833
3555
6257
7296
2779
3537
4934
5041
8366
9824
5594
7615
8900
4627
9415
2602
1539
6914
3169
6943
8594
795
5889
57
5214
1454
3744
8317
7344
2724
3405
8926
9879
6166
4329
6931
6712
2905
2486
4137
5615
8144
5468
9202
5506
3622
9226
2413
7951
3861
4158
3497
5466
8894
8599
9411
2542
9426
6565
3980
536
2169
7740
352
8190
5465
9166
5976
5632
9803
6153
7837
371
9005
9611
5214
2625
2941
4482
5082
2874
4974
3532
952
80
3764
517
2202
8610
2417
1299
8647
1953
4817
4495
2296
5002
7753
3041
9230
4127
505
7918
4320
7619
3615
5173
6133
5024
9821
8817
2721
1548
9833
6208
1302
7988
6127
4570
1366
9682
1896
6239
1578
6297
5027
5911
2721
4903
2564
8803
3575
7409
3853
1432
8039
4972
1046
2252
3704
9549
9134
6258
3443
2836
5422
7734
4593
5449
5033
7241
5622
7352
690
2688
8729
4433
1134
5191
5746
7659
9792
6931
8126
1032
1864
1057
2866
768
2103
9547
8821
2744
3167
2997
3159
5614
8359
9413
1284
8043
4616
2391
1492
8147
266
3336
6111
6468
6391
354
2014
8834
2972
8522
6071
411
8010
8221
3632
5821
1921
5220
3517
1294
778
7415
7730
2933
769
1377
9255
8879
2664
6238
3451
5185
389
1738
5895
142
8395
3017
2643
7169
7634
8134
8549
2200
2875
9369
8578
2288
5340
109
3474
6622
8171
5823
2999
3909
6668
4843
8218
6681
2978
6857
6394
7871
3081
9061
8457
8425
8147
5560
1839
3173
8619
1916
3941
8658
9097
510
7907
6996
638
1819
7523
3876
8678
5990
506
9717
6043
4955
3044
3016
9
4368
2061
7153
837
424
6870
4037
4637
5867
8754
1558
4426
8409
1933
3902
8613
9821
6651
6144
7085
2774
660
7785
6998
776
3323
5131
281
3507
1784
8317
6126
9521
3053
6722
9424
1212
4395
8139
7839
6370
7694
7082
7558
1027
259
5241
3017
3073
3964
8975
4176
5093
2298
8018
8488
1413
7614
6126
6515
3788
4364
5787
5983
176
2502
238
5961
4018
7439
216
9178
7682
4996
7199
3457
2594
4467
7608
9842
5456
4638
6778
923
3255
6732
2118
7180
7431
8330
4633
4982
3721
3291
2136
9461
3426
2289
2342
321
5583
493
5229
1335
6327
3539
3209
9614
9059
2701
2478
5758
9131
8293
7473
8399
2353
4973
1798
3437
3816
6776
2700
1854
4302
3359
1504
9362
9771
6254
7036
2223
7171
4682
6686
2072
4751
8765
1153
9372
673
2018
798
4819
4746
7094
706
5314
557
6261
4729
5482
779
91
8535
7556
751
8422
9306
7728
4827
8547
6200
6671
6332
2525
7163
7769
6980
1456
2678
7370
347
5275
2972
5201
538
4643
1617
5106
3702
8357
9000
6145
8166
9259
8780
7538
9155
4316
7824
7254
4959
533
7720
2694
297
3378
1457
4030
7918
8419
6621
7198
2378
3076
1468
4581
2356
1147
8329
6083
7419
9790
2822
9645
5019
5155
6551
185
3547
334
7621
8725
5839
7538
1126
7772
7565
2247
4140
9383
3378
6553
6646
2863
8142
6966
6215
1838
9206
9264
6882
3055
4457
7451
4647
508
4136
6183
8328
6154
8852
5648
8876
6006
50
1122
3274
171
6306
8330
6878
5118
8296
8389
9161
4788
1357
348
8292
5882
5712
6827
1862
8033
2952
455
9805
6859
6207
172
4394
8727
9412
6409
1336
5607
4159
9610
9649
4625
8427
9843
1224
7110
9112
8962
5694
3739
3259
1058
1986
6170
8154
6416
4582
8901
1740
6616
6637
1882
4278
3761
6855
7100
9390
4994
1814
3432
5865
3204
8033
7535
2225
1234
1608
8568
3570
402
1283
1960
1955
4201
9517
2220
6271
2065
6487
5517
8279
5413
2159
7081
185
6109
3949
5547
6841
1228
1081
98
6767
3392
8233
847
2716
2509
4059
6049
8179
5675
3865
9608
5793
3639
2353
3769
7627
2315
5840
5183
4788
9763
5920
9757
9306
4762
4758
2036
843
5480
3682
6914
550
2126
3906
5828
5460
6573
2441
4116
2816
3970
2338
4543
6120
7404
8903
1716
4556
7394
244
1893
5113
841
7526
5104
5533
9320
8917
6549
8235
742
5467
9174
6437
8753
568
874
2924
1414
7904
1776
7667
3426
3537
5425
3090
722
5667
942
1070
