1
1
2
2
3
4
5
5
6
6
7
7
7
8
9
10
11
11
11
11
12
13
15
15
15
16
16
19
21
22
22
24
24
27
31
32
33
33
33
35
37
38
38
39
39
41
41
41
42
42
43
44
45
45
46
46
46
48
48
49
50
51
51
52
52
56
60
61
62
62
64
67
68
68
68
69
69
71
71
71
71
71
72
73
73
73
75
75
80
81
83
85
85
86
88
88
88
88
89
89
89
91
92
94
95
95
100
100
100
101
102
107
107
108
108
108
109
110
110
110
110
110
111
111
112
112
112
114
116
116
116
117
117
118
118
118
119
121
121
121
122
122
122
124
126
127
129
130
135
136
137
137
138
138
141
141
143
143
148
148
149
150
151
152
153
154
155
155
156
158
159
159
161
161
161
161
162
164
165
165
165
167
168
170
172
173
174
174
175
176
176
176
177
178
178
179
180
181
181
183
184
185
185
188
188
189
193
194
194
196
197
198
198
199
199
200
202
202
203
203
204
204
206
210
210
210
210
210
210
210
211
211
213
216
216
217
217
218
218
220
221
222
224
224
224
227
227
231
231
235
238
241
242
243
244
245
245
246
246
248
248
249
250
251
251
253
257
258
259
259
260
261
262
262
263
264
265
265
267
267
267
269
270
271
272
273
274
274
274
274
274
274
274
275
275
275
275
277
277
278
279
283
284
284
284
286
287
288
290
292
293
293
293
294
298
298
299
300
300
301
302
303
305
305
306
307
310
310
311
311
311
312
318
319
320
323
325
326
327
328
328
328
333
335
335
336
336
337
337
337
339
339
341
344
344
345
346
347
349
349
351
351
352
352
352
355
356
356
356
357
357
357
358
358
360
361
361
361
363
364
366
368
370
372
372
373
374
375
375
376
381
381
383
383
387
389
389
390
392
393
395
398
400
400
401
401
402
402
403
403
406
406
406
406
408
408
410
411
412
413
413
414
416
416
418
420
420
420
421
422
426
427
428
428
428
429
429
429
431
434
434
434
434
434
435
435
436
436
437
437
438
439
440
441
441
442
443
445
445
446
447
447
447
449
450
450
452
453
453
456
456
457
457
459
460
461
462
463
463
464
465
465
467
467
467
467
467
469
470
470
472
472
473
474
475
480
480
480
480
481
482
483
486
488
488
488
489
489
491
491
492
497
501
501
501
502
502
505
505
506
507
508
508
508
510
510
512
512
513
513
513
514
515
518
518
519
519
523
525
527
527
527
530
532
533
534
534
534
536
536
536
538
540
540
540
543
544
545
546
546
546
546
548
549
549
551
551
552
552
553
553
553
553
554
554
556
556
559
559
561
561
563
565
566
566
570
570
572
572
572
573
575
576
576
577
579
579
580
582
582
583
584
585
585
585
586
593
593
594
596
596
598
599
600
601
601
601
601
602
603
604
604
604
605
607
607
608
609
609
610
610
612
612
613
613
616
617
617
619
622
623
624
625
626
628
630
630
632
634
634
634
635
636
636
638
643
643
644
646
646
647
649
650
650
651
651
651
652
655
656
657
657
662
662
663
664
665
666
666
667
667
668
669
669
669
672
673
674
675
676
676
677
678
679
679
679
681
684
685
686
687
687
688
689
689
689
690
690
694
695
697
697
697
697
699
700
701
703
704
705
707
707
707
708
710
711
711
712
714
714
717
717
718
718
720
721
721
721
721
722
723
724
725
725
726
728
733
733
736
737
737
739
739
740
740
740
743
743
743
746
746
747
747
747
748
749
750
750
751
751
753
754
756
759
759
761
763
763
763
764
766
768
768
768
769
769
770
770
771
772
773
774
776
777
778
780
780
780
782
784
784
786
787
788
789
789
790
790
792
792
792
792
793
796
796
796
797
797
798
798
800
800
801
803
804
805
805
805
806
807
808
809
810
811
811
812
812
814
817
819
820
820
820
821
822
823
824
824
825
825
826
826
827
829
831
833
835
835
836
837
839
840
840
841
842
842
842
843
843
843
848
849
852
852
853
853
854
854
856
856
860
860
862
863
864
866
867
867
868
868
868
869
869
870
872
873
873
874
874
875
876
877
878
878
879
880
880
881
881
881
881
883
883
884
886
886
888
888
889
889
889
892
893
893
895
897
901
902
903
904
905
905
906
906
906
906
906
909
909
910
910
912
912
912
915
915
915
917
918
918
918
918
919
920
920
922
924
924
930
931
932
932
932
933
934
934
935
935
935
937
937
939
941
943
944
945
950
950
954
956
956
956
956
958
959
960
960
961
962
963
964
964
967
968
971
972
973
973
973
974
975
976
977
977
977
979
981
982
984
985
986
991
991
991
992
993
993
997
998
999
999
1000
1000
1001
1002
1002
1003
1003
1003
1006
1006
1007
1007
1009
1010
1010
1011
1011
1011
1012
1014
1014
1014
1015
1017
1017
1018
1019
1020
1025
1026
1026
1028
1029
1029
1030
1031
1031
1031
1031
1031
1032
1033
1033
1036
1037
1038
1038
1039
1039
1042
1043
1044
1044
1048
1048
1049
1050
1051
1053
1053
1054
1054
1056
1056
1057
1057
1062
1063
1064
1065
1066
1067
1067
1068
1069
1071
1073
1074
1077
1081
1081
1082
1083
1084
1086
1087
1087
1087
1092
1092
1093
1093
1093
1094
1095
1095
1096
1096
1097
1097
1098
1101
1102
1102
1103
1104
1105
1105
1106
1107
1110
1111
1111
1112
1112
1112
1113
1116
1117
1117
1119
1120
1120
1122
1124
1127
1127
1129
1131
1131
1132
1133
1134
1135
1136
1136
1138
1139
1139
1142
1142
1143
1143
1144
1145
1148
1154
1154
1154
1154
1158
1158
1159
1160
1163
1163
1165
1165
1166
1169
1170
1171
1173
1173
1173
1176
1177
1179
1181
1183
1183
1185
1185
1186
1189
1189
1190
1192
1192
1192
1193
1194
1195
1195
1196
1197
1197
1197
1198
1199
1199
1200
1201
1201
1206
1206
1206
1207
1210
1212
1212
1213
1213
1213
1214
1219
1219
1219
1220
1222
1224
1225
1225
1226
1227
1227
1228
1229
1229
1229
1230
1231
1232
1233
1234
1235
1235
1238
1239
1240
1241
1243
1245
1245
1245
1245
1249
1249
1249
1249
1251
1251
1252
1252
1252
1252
1253
1255
1256
1257
1258
1259
1261
1261
1261
1262
1263
1264
1265
1265
1266
1266
1267
1267
1268
1269
1270
1270
1272
1273
1273
1274
1275
1277
1278
1283
1283
1284
1286
1290
1292
1292
1295
1297
1299
1299
1300
1301
1301
1301
1302
1302
1302
1303
1303
1304
1308
1308
1309
1310
1311
1311
1311
1312
1313
1313
1314
1314
1315
1315
1315
1316
1316
1317
1318
1319
1319
1321
1322
1322
1322
1322
1322
1325
1325
1328
1328
1329
1330
1330
1331
1332
1332
1333
1337
1340
1340
1342
1342
1342
1343
1344
1344
1346
1347
1348
1348
1348
1349
1350
1351
1351
1351
1352
1352
1353
1353
1357
1358
1358
1359
1359
1361
1362
1364
1365
1367
1367
1368
1368
1371
1372
1379
1381
1382
1382
1385
1388
1389
1390
1390
1390
1391
1391
1393
1395
1397
1398
1401
1405
1406
1407
1409
1410
1410
1411
1413
1414
1416
1418
1419
1420
1420
1423
1424
1425
1428
1430
1431
1431
1432
1433
1434
1436
1441
1442
1443
1443
1444
1444
1444
1446
1446
1446
1448
1448
1448
1449
1452
1452
1453
1454
1456
1457
1458
1458
1461
1461
1461
1461
1464
1464
1465
1468
1468
1469
1469
1469
1469
1470
1470
1471
1472
1473
1473
1474
1479
1480
1480
1481
1482
1487
1488
1489
1489
1490
1496
1496
1496
1496
1497
1497
1498
1499
1501
1502
1503
1503
1503
1504
1504
1504
1506
1507
1508
1508
1509
1509
1513
1514
1514
1516
1516
1517
1518
1520
1520
1520
1521
1522
1522
1522
1524
1525
1525
1527
1528
1530
1530
1531
1531
1532
1534
1538
1540
1540
1540
1541
1541
1541
1542
1543
1544
1545
1547
1549
1549
1549
1550
1550
1552
1552
1553
1553
1554
1554
1556
1557
1557
1559
1563
1565
1566
1567
1567
1568
1569
1570
1570
1571
1571
1572
1573
1574
1576
1576
1577
1579
1582
1582
1584
1585
1587
1587
1588
1588
1590
1591
1591
1594
1595
1595
1597
1597
1598
1599
1599
1602
1605
1608
1609
1610
1612
1612
1613
1614
1616
1618
1618
1618
1618
1618
1619
1619
1619
1623
1626
1626
1626
1628
1634
1635
1635
1637
1637
1638
1639
1640
1641
1642
1642
1642
1643
1644
1645
1646
1646
1647
1647
1649
1650
1650
1651
1651
1652
1653
1654
1656
1656
1658
1658
1659
1660
1660
1663
1663
1666
1666
1667
1669
1671
1672
1673
1674
1674
1675
1678
1678
1678
1678
1679
1681
1681
1681
1682
1682
1682
1682
1682
1683
1684
1686
1688
1688
1688
1689
1689
1690
1691
1693
1696
1698
1698
1699
1700
1700
1704
1705
1705
1705
1705
1706
1706
1707
1707
1709
1710
1712
1712
1714
1714
1714
1714
1717
1718
1718
1720
1720
1722
1723
1725
1726
1726
1728
1729
1729
1730
1730
1731
1732
1732
1732
1734
1735
1737
1737
1738
1739
1740
1742
1743
1743
1747
1747
1747
1748
1750
1753
1754
1755
1758
1758
1758
1759
1759
1761
1761
1762
1765
1766
1766
1766
1767
1767
1768
1769
1770
1774
1777
1778
1778
1780
1782
1784
1784
1785
1786
1786
1786
1787
1787
1788
1788
1788
1788
1789
1789
1789
1793
1793
1797
1797
1801
1801
1801
1805
1805
1805
1807
1810
1810
1813
1815
1816
1816
1817
1819
1820
1820
1821
1822
1824
1824
1826
1827
1830
1831
1831
1831
1832
1832
1833
1835
1837
1838
1838
1839
1839
1840
1841
1842
1843
1844
1844
1845
1845
1847
1847
1849
1851
1853
1855
1856
1857
1857
1857
1857
1859
1859
1861
1861
1863
1863
1864
1864
1864
1865
1866
1867
1868
1869
1869
1873
1873
1878
1879
1879
1880
1880
1880
1881
1882
1883
1883
1886
1886
1886
1892
1893
1896
1896
1896
1897
1898
1899
1900
1901
1902
1902
1907
1907
1907
1907
1907
1908
1908
1910
1910
1910
1911
1911
1911
1911
1911
1912
1913
1917
1917
1918
1919
1919
1921
1922
1923
1925
1925
1926
1928
1928
1928
1928
1929
1929
1930
1930
1932
1932
1932
1936
1938
1940
1942
1943
1944
1944
1944
1944
1945
1945
1945
1945
1946
1948
1948
1949
1949
1950
1951
1951
1953
1954
1955
1957
1958
1958
1961
1962
1962
1962
1963
1966
1967
1968
1969
1970
1970
1973
1974
1974
1974
1979
1980
1981
1981
1981
1981
1983
1984
1986
1988
1989
1990
1990
1990
1991
1995
1996
1997
1997
2001
2002
2002
2003
2005
2005
2007
2007
2008
2009
2010
2010
2012
2013
2014
2014
2015
2015
2015
2015
2016
2018
2018
2018
2019
2019
2021
2021
2022
2025
2026
2028
2028
2029
2029
2029
2030
2030
2033
2033
2033
2035
2036
2037
2037
2037
2042
2043
2043
2043
2044
2045
2046
2046
2047
2049
2049
2049
2050
2050
2051
2052
2052
2052
2052
2053
2054
2054
2054
2054
2055
2055
2056
2059
2060
2060
2062
2063
2064
2064
2065
2067
2067
2068
2068
2068
2069
2070
2072
2073
2073
2076
2077
2079
2079
2080
2081
2082
2083
2085
2086
2087
2088
2090
2090
2091
2092
2093
2093
2093
2093
2094
2096
2097
2097
2098
2099
2099
2101
2102
2103
2103
2104
2105
2106
2107
2107
2108
2108
2113
2114
2115
2115
2115
2117
2117
2118
2119
2120
2121
2121
2122
2123
2123
2124
2127
2129
2130
2130
2131
2132
2134
2134
2136
2137
2138
2140
2141
2141
2143
2143
2146
2148
2149
2150
2150
2150
2150
2151
2151
2153
2153
2155
2156
2156
2159
2160
2161
2161
2162
2164
2166
2168
2170
2171
2171
2171
2176
2182
2182
2184
2184
2187
2188
2189
2189
2189
2189
2189
2190
2191
2191
2193
2194
2198
2199
2201
2202
2204
2204
2206
2206
2207
2207
2207
2211
2211
2212
2213
2214
2215
2215
2216
2216
2217
2217
2217
2217
2218
2220
2221
2221
2221
2224
2226
2227
2227
2228
2229
2231
2232
2232
2233
2234
2236
2236
2237
2239
2239
2240
2241
2243
2244
2246
2247
2249
2250
2254
2254
2255
2257
2259
2262
2262
2263
2264
2264
2265
2267
2269
2270
2272
2272
2272
2273
2275
2276
2276
2277
2278
2279
2280
2280
2281
2281
2283
2283
2284
2286
2286
2289
2290
2290
2290
2291
2291
2294
2294
2294
2294
2295
2295
2297
2298
2298
2298
2298
2300
2301
2305
2306
2306
2308
2309
2309
2309
2309
2311
2312
2313
2314
2314
2315
2317
2318
2318
2319
2320
2322
2322
2323
2324
2324
2326
2326
2327
2328
2328
2330
2331
2331
2333
2334
2335
2335
2335
2339
2339
2340
2341
2342
2342
2342
2343
2345
2345
2346
2350
2350
2351
2351
2351
2352
2352
2354
2356
2357
2358
2358
2358
2358
2359
2360
2361
2362
2365
2368
2370
2373
2375
2376
2376
2377
2377
2378
2379
2382
2382
2385
2386
2386
2388
2390
2391
2393
2393
2394
2394
2395
2395
2396
2396
2397
2400
2400
2400
2401
2401
2403
2403
2406
2408
2411
2412
2412
2413
2414
2414
2416
2416
2416
2417
2420
2421
2421
2422
2422
2425
2427
2429
2429
2430
2431
2432
2433
2433
2434
2437
2438
2438
2438
2439
2439
2440
2442
2444
2444
2445
2445
2446
2446
2447
2448
2449
2450
2450
2451
2452
2453
2457
2457
2458
2458
2459
2459
2460
2461
2462
2465
2465
2466
2466
2467
2468
2468
2468
2469
2469
2469
2471
2475
2476
2478
2479
2479
2481
2482
2483
2483
2485
2485
2486
2486
2487
2488
2488
2493
2493
2496
2496
2496
2498
2498
2499
2501
2501
2502
2502
2502
2503
2503
2504
2505
2505
2505
2507
2507
2507
2508
2508
2511
2513
2513
2514
2517
2518
2518
2519
2520
2520
2522
2523
2523
2524
2526
2527
2527
2530
2530
2533
2533
2534
2534
2534
2534
2535
2536
2538
2538
2539
2541
2541
2542
2543
2544
2545
2545
2546
2547
2548
2549
2551
2552
2554
2555
2558
2558
2559
2559
2560
2561
2562
2563
2564
2565
2566
2566
2567
2568
2571
2572
2573
2575
2575
2575
2576
2576
2576
2577
2577
2578
2581
2581
2582
2585
2587
2587
2589
2590
2590
2591
2593
2594
2595
2596
2599
2599
2600
2601
2601
2602
2602
2603
2603
2604
2605
2606
2606
2606
2606
2608
2608
2608
2609
2609
2609
2609
2613
2615
2615
2620
2620
2623
2624
2628
2631
2633
2634
2634
2635
2635
2639
2642
2643
2643
2643
2644
2644
2645
2645
2646
2647
2650
2650
2651
2651
2651
2652
2653
2653
2654
2655
2656
2656
2657
2658
2658
2661
2662
2664
2665
2666
2667
2667
2668
2668
2670
2671
2671
2672
2672
2672
2672
2672
2673
2673
2674
2675
2676
2677
2679
2680
2683
2685
2685
2687
2688
2688
2690
2690
2691
2691
2691
2692
2693
2698
2698
2699
2699
2701
2702
2704
2707
2707
2707
2708
2709
2709
2710
2712
2714
2717
2719
2720
2721
2721
2722
2724
2724
2727
2729
2729
2733
2733
2733
2734
2734
2734
2735
2735
2735
2736
2737
2737
2742
2743
2748
2749
2750
2751
2753
2761
2765
2766
2767
2767
2768
2768
2771
2772
2773
2774
2775
2776
2776
2776
2777
2777
2778
2779
2782
2784
2785
2787
2789
2790
2791
2791
2792
2792
2793
2794
2795
2797
2797
2800
2801
2801
2801
2807
2807
2808
2808
2808
2810
2813
2816
2816
2816
2818
2819
2819
2819
2821
2821
2821
2825
2826
2827
2828
2828
2828
2830
2831
2832
2834
2834
2835
2835
2836
2836
2838
2838
2841
2841
2842
2842
2843
2843
2846
2846
2847
2848
2848
2849
2852
2852
2853
2854
2857
2857
2858
2858
2861
2861
2864
2864
2865
2868
2868
2869
2869
2870
2870
2871
2874
2875
2876
2876
2879
2879
2881
2882
2883
2884
2885
2886
2887
2887
2889
2889
2892
2893
2895
2902
2903
2904
2907
2908
2908
2910
2910
2911
2912
2912
2912
2913
2913
2914
2916
2919
2920
2920
2921
2921
2922
2924
2925
2925
2925
2928
2929
2929
2932
2933
2933
2934
2934
2936
2937
2938
2941
2941
2942
2943
2943
2945
2946
2946
2946
2949
2950
2950
2951
2953
2953
2954
2954
2957
2958
2958
2958
2959
2959
2960
2961
2961
2962
2963
2963
2963
2965
2965
2965
2965
2966
2967
2968
2968
2971
2972
2973
2973
2973
2974
2975
2975
2976
2977
2978
2979
2979
2980
2980
2981
2982
2982
2987
2988
2990
2990
2990
2992
2994
2995
2995
2996
2996
2996
2997
2999
2999
3000
3000
3000
3002
3003
3004
3004
3006
3007
3008
3009
3009
3010
3012
3012
3013
3013
3014
3016
3017
3018
3019
3019
3020
3022
3023
3023
3024
3024
3025
3025
3026
3027
3027
3028
3029
3029
3031
3031
3031
3032
3032
3033
3033
3034
3034
3034
3034
3034
3036
3039
3041
3041
3042
3042
3043
3046
3048
3048
3049
3050
3050
3051
3051
3052
3053
3054
3056
3056
3058
3060
3061
3061
3061
3061
3062
3063
3063
3063
3064
3064
3065
3066
3067
3067
3067
3069
3069
3070
3071
3072
3072
3072
3073
3074
3075
3075
3075
3075
3078
3079
3080
3081
3082
3083
3084
3086
3088
3088
3089
3090
3091
3091
3092
3096
3098
3098
3099
3100
3100
3102
3102
3103
3106
3108
3108
3112
3114
3115
3115
3116
3117
3119
3119
3122
3122
3122
3128
3128
3129
3129
3129
3129
3131
3131
3132
3132
3133
3133
3134
3135
3135
3136
3137
3139
3143
3143
3145
3147
3147
3147
3148
3150
3150
3150
3150
3150
3155
3156
3157
3157
3157
3158
3161
3163
3163
3164
3164
3165
3166
3167
3167
3167
3168
3171
3172
3174
3174
3174
3174
3175
3178
3178
3180
3182
3183
3183
3183
3184
3184
3187
3188
3188
3189
3189
3191
3192
3194
3195
3195
3195
3200
3201
3201
3202
3203
3203
3206
3206
3207
3207
3208
3208
3211
3211
3212
3214
3215
3216
3216
3216
3217
3217
3219
3220
3221
3222
3225
3228
3229
3231
3232
3233
3233
3233
3233
3233
3236
3238
3239
3240
3240
3240
3242
3243
3243
3244
3245
3245
3246
3246
3246
3246
3247
3247
3247
3251
3252
3254
3255
3255
3255
3256
3257
3257
3260
3260
3260
3260
3263
3263
3265
3266
3267
3267
3269
3269
3270
3270
3270
3270
3273
3274
3275
3277
3277
3277
3279
3280
3280
3281
3283
3283
3284
3287
3287
3288
3289
3291
3291
3291
3292
3293
3293
3295
3298
3301
3303
3303
3304
3304
3304
3305
3307
3307
3307
3308
3309
3311
3311
3312
3312
3312
3313
3313
3316
3320
3321
3322
3322
3323
3323
3324
3325
3326
3327
3327
3328
3331
3331
3333
3333
3333
3335
3336
3338
3338
3339
3339
3340
3340
3342
3344
3347
3348
3350
3352
3352
3353
3354
3355
3357
3360
3360
3361
3361
3364
3364
3364
3365
3366
3367
3367
3368
3369
3370
3371
3372
3373
3374
3374
3376
3376
3376
3376
3377
3377
3378
3378
3379
3379
3379
3381
3383
3384
3385
3388
3389
3389
3392
3393
3394
3394
3395
3396
3396
3399
3400
3401
3402
3415
3418
3418
3419
3420
3423
3424
3425
3425
3426
3428
3428
3428
3429
3429
3431
3432
3434
3434
3434
3437
3437
3439
3441
3442
3444
3446
3446
3449
3451
3452
3453
3454
3454
3456
3456
3456
3456
3456
3456
3456
3459
3460
3463
3464
3467
3467
3468
3474
3474
3474
3477
3477
3477
3478
3480
3483
3484
3484
3485
3487
3489
3490
3492
3493
3494
3496
3497
3498
3498
3498
3500
3500
3500
3501
3501
3503
3504
3506
3506
3508
3508
3508
3508
3508
3510
3512
3512
3514
3515
3518
3518
3518
3520
3520
3523
3523
3523
3524
3527
3528
3529
3530
3531
3532
3532
3533
3533
3535
3536
3538
3538
3539
3539
3539
3539
3540
3541
3541
3543
3544
3545
3545
3548
3549
3551
3551
3552
3552
3553
3554
3555
3556
3556
3559
3559
3560
3560
3562
3564
3565
3566
3567
3567
3568
3569
3570
3570
3571
3572
3573
3573
3575
3575
3578
3579
3579
3579
3580
3582
3582
3582
3584
3588
3589
3590
3592
3593
3594
3595
3596
3598
3598
3598
3601
3603
3605
3605
3605
3609
3610
3611
3611
3611
3613
3613
3613
3614
3618
3620
3620
3621
3622
3622
3622
3623
3624
3627
3627
3627
3628
3629
3631
3632
3632
3632
3633
3634
3635
3635
3636
3636
3637
3637
3637
3637
3638
3639
3640
3643
3643
3644
3645
3645
3647
3648
3648
3648
3649
3649
3649
3650
3651
3653
3654
3654
3657
3657
3658
3659
3659
3661
3662
3662
3663
3663
3665
3666
3667
3668
3668
3669
3670
3671
3672
3674
3675
3675
3676
3678
3683
3684
3686
3687
3688
3688
3689
3689
3691
3692
3694
3694
3695
3696
3698
3698
3699
3701
3702
3703
3703
3703
3703
3704
3705
3706
3709
3709
3709
3712
3713
3714
3714
3716
3717
3718
3719
3719
3720
3722
3723
3724
3724
3725
3726
3727
3727
3728
3729
3729
3730
3730
3732
3734
3734
3735
3736
3736
3736
3739
3740
3742
3743
3744
3747
3748
3752
3752
3752
3754
3754
3755
3755
3756
3757
3758
3759
3759
3759
3760
3760
3761
3761
3761
3762
3764
3764
3766
3766
3767
3767
3767
3767
3768
3769
3769
3771
3771
3772
3772
3774
3774
3775
3776
3777
3779
3780
3780
3781
3782
3782
3783
3784
3787
3788
3789
3793
3793
3793
3794
3795
3799
3800
3800
3803
3804
3805
3806
3809
3809
3810
3810
3810
3811
3812
3814
3814
3815
3815
3816
3816
3818
3820
3820
3821
3822
3822
3823
3823
3823
3824
3825
3825
3826
3828
3830
3832
3832
3833
3834
3834
3835
3836
3836
3837
3837
3838
3839
3840
3840
3841
3841
3844
3845
3845
3845
3845
3848
3849
3853
3853
3856
3856
3857
3859
3860
3860
3861
3863
3864
3864
3864
3864
3867
3868
3868
3869
3871
3872
3874
3874
3876
3880
3880
3882
3882
3883
3883
3886
3887
3888
3888
3889
3889
3891
3892
3892
3894
3894
3895
3897
3897
3897
3898
3898
3898
3904
3905
3905
3906
3907
3907
3909
3911
3912
3916
3918
3918
3919
3921
3922
3925
3926
3926
3927
3928
3928
3931
3931
3931
3933
3933
3936
3936
3936
3939
3939
3940
3940
3940
3941
3941
3942
3943
3945
3945
3946
3946
3946
3947
3948
3948
3951
3952
3953
3953
3956
3956
3959
3962
3964
3964
3964
3964
3964
3965
3966
3967
3967
3967
3967
3967
3968
3968
3971
3971
3971
3972
3976
3977
3978
3981
3983
3983
3983
3984
3985
3986
3987
3988
3989
3989
3989
3990
3990
3990
3990
3991
3992
3994
3995
3995
3998
4002
4003
4006
4007
4009
4011
4012
4013
4014
4014
4015
4015
4017
4017
4017
4018
4018
4019
4019
4021
4022
4023
4023
4025
4025
4027
4027
4029
4033
4033
4035
4039
4039
4040
4040
4041
4041
4041
4044
4044
4045
4046
4049
4051
4051
4052
4052
4053
4057
4057
4058
4059
4059
4059
4060
4062
4064
4064
4065
4066
4067
4068
4069
4069
4069
4070
4072
4073
4073
4074
4075
4078
4078
4081
4082
4082
4083
4085
4085
4086
4086
4088
4090
4090
4090
4090
4093
4093
4094
4095
4097
4097
4098
4098
4099
4099
4099
4102
4103
4103
4103
4104
4104
4106
4106
4106
4107
4108
4108
4109
4110
4112
4112
4113
4113
4114
4114
4114
4115
4118
4118
4120
4123
4123
4123
4127
4128
4129
4130
4133
4133
4134
4135
4140
4142
4145
4146
4147
4147
4149
4149
4151
4151
4152
4155
4157
4159
4160
4160
4161
4161
4164
4165
4166
4167
4168
4171
4171
4171
4172
4173
4173
4174
4174
4175
4176
4178
4178
4179
4181
4181
4181
4183
4183
4184
4185
4185
4186
4186
4187
4190
4191
4193
4195
4195
4195
4196
4197
4198
4198
4199
4199
4201
4201
4202
4202
4203
4204
4204
4204
4204
4204
4206
4207
4207
4208
4209
4209
4209
4210
4212
4212
4217
4220
4221
4222
4223
4225
4226
4230
4231
4231
4232
4232
4233
4233
4233
4234
4236
4236
4237
4237
4237
4240
4241
4242
4242
4242
4244
4244
4245
4245
4245
4247
4247
4249
4251
4251
4252
4253
4254
4258
4261
4261
4263
4264
4265
4265
4268
4271
4271
4273
4275
4276
4277
4277
4278
4279
4279
4279
4279
4279
4279
4280
4282
4283
4283
4283
4284
4286
4287
4287
4287
4288
4289
4290
4291
4291
4293
4294
4294
4294
4295
4295
4296
4296
4297
4297
4298
4299
4300
4302
4302
4302
4303
4303
4307
4308
4310
4311
4312
4313
4313
4315
4316
4316
4317
4317
4320
4321
4321
4321
4322
4323
4326
4328
4328
4329
4331
4331
4331
4332
4332
4333
4333
4333
4334
4335
4336
4336
4337
4337
4338
4338
4340
4343
4343
4349
4349
4351
4352
4354
4354
4354
4355
4355
4356
4356
4357
4359
4360
4363
4364
4364
4366
4367
4368
4368
4371
4371
4371
4373
4373
4374
4376
4376
4378
4379
4380
4380
4381
4381
4382
4383
4383
4386
4387
4387
4388
4388
4391
4392
4392
4392
4393
4393
4394
4394
4396
4399
4400
4400
4401
4401
4404
4404
4406
4407
4407
4410
4410
4413
4414
4414
4416
4417
4419
4421
4421
4423
4424
4424
4424
4424
4427
4427
4429
4432
4433
4433
4433
4433
4434
4435
4436
4438
4442
4442
4446
4447
4448
4449
4449
4451
4453
4455
4456
4457
4457
4458
4459
4461
4461
4463
4464
4464
4465
4465
4467
4471
4472
4473
4473
4476
4477
4478
4480
4483
4483
4484
4485
4486
4487
4488
4490
4491
4495
4496
4497
4498
4498
4498
4498
4499
4499
4501
4502
4504
4504
4505
4507
4507
4510
4511
4512
4512
4513
4514
4518
4520
4520
4521
4522
4522
4523
4523
4524
4527
4527
4527
4528
4528
4531
4534
4536
4538
4539
4539
4539
4541
4542
4543
4543
4544
4544
4546
4548
4549
4549
4549
4550
4550
4551
4551
4552
4553
4555
4556
4560
4561
4563
4563
4563
4564
4565
4565
4565
4566
4567
4568
4570
4571
4572
4573
4573
4573
4575
4575
4575
4577
4577
4578
4579
4580
4580
4581
4581
4581
4582
4583
4583
4583
4584
4584
4586
4586
4586
4588
4589
4591
4592
4592
4592
4595
4596
4601
4604
4604
4607
4609
4611
4611
4612
4612
4612
4612
4613
4613
4613
4614
4615
4617
4618
4618
4618
4618
4619
4620
4620
4621
4621
4623
4624
4627
4630
4631
4632
4632
4632
4632
4635
4639
4639
4639
4641
4644
4645
4646
4647
4647
4651
4653
4653
4654
4654
4654
4655
4657
4659
4660
4663
4663
4665
4665
4666
4667
4668
4669
4669
4669
4670
4671
4671
4671
4673
4673
4674
4674
4675
4676
4679
4680
4680
4681
4681
4682
4683
4684
4686
4687
4689
4690
4691
4692
4692
4692
4693
4693
4693
4694
4694
4694
4698
4698
4698
4699
4702
4702
4703
4703
4704
4704
4704
4704
4705
4705
4706
4709
4709
4709
4710
4711
4711
4711
4711
4712
4713
4715
4717
4717
4717
4719
4721
4722
4724
4724
4727
4729
4730
4731
4731
4733
4733
4734
4735
4736
4738
4738
4741
4741
4741
4743
4746
4747
4747
4748
4748
4752
4752
4752
4753
4754
4755
4755
4757
4758
4758
4759
4760
4761
4761
4762
4762
4763
4764
4764
4764
4765
4765
4766
4767
4767
4768
4768
4769
4770
4770
4772
4774
4774
4777
4777
4778
4778
4778
4779
4780
4781
4781
4782
4783
4784
4785
4786
4786
4787
4787
4788
4788
4789
4791
4792
4792
4792
4793
4794
4794
4794
4794
4796
4797
4798
4799
4799
4799
4800
4803
4805
4811
4813
4814
4814
4815
4820
4820
4821
4821
4824
4825
4829
4830
4831
4832
4834
4834
4835
4835
4836
4836
4838
4840
4841
4841
4842
4845
4846
4856
4856
4858
4861
4862
4862
4862
4863
4864
4864
4864
4865
4865
4866
4867
4868
4869
4870
4871
4873
4875
4875
4876
4879
4879
4884
4884
4884
4885
4888
4889
4890
4892
4893
4893
4894
4896
4896
4897
4898
4899
4899
4902
4903
4908
4910
4910
4911
4912
4913
4914
4915
4919
4919
4922
4922
4923
4925
4926
4926
4929
4929
4932
4932
4932
4932
4932
4933
4935
4936
4936
4938
4939
4940
4941
4942
4942
4942
4943
4943
4943
4945
4945
4945
4946
4947
4948
4948
4949
4949
4950
4950
4951
4952
4953
4953
4954
4955
4955
4959
4960
4961
4963
4965
4965
4970
4971
4971
4972
4972
4973
4973
4974
4974
4975
4975
4975
4975
4978
4978
4978
4979
4979
4980
4981
4982
4985
4985
4985
4985
4985
4986
4988
4990
4992
4993
4993
4996
4997
4999
4999
4999
5001
5001
5003
5004
5005
5006
5007
5009
5009
5011
5011
5012
5013
5013
5013
5014
5015
5015
5017
5018
5019
5022
5024
5025
5027
5027
5029
5032
5033
5036
5036
5038
5039
5040
5040
5042
5045
5046
5046
5046
5047
5049
5051
5051
5054
5055
5056
5056
5057
5058
5058
5059
5060
5060
5061
5062
5063
5066
5067
5067
5069
5071
5071
5072
5072
5073
5075
5076
5076
5076
5079
5081
5082
5083
5085
5085
5086
5088
5088
5089
5090
5091
5092
5096
5096
5097
5098
5101
5101
5103
5106
5107
5110
5110
5111
5111
5111
5112
5114
5114
5114
5115
5116
5116
5118
5119
5121
5123
5123
5123
5123
5124
5125
5126
5127
5127
5129
5131
5132
5133
5133
5134
5135
5137
5137
5138
5140
5141
5141
5142
5142
5145
5146
5147
5153
5153
5153
5153
5154
5154
5156
5158
5158
5159
5160
5163
5163
5164
5164
5166
5168
5168
5168
5169
5170
5170
5171
5171
5173
5173
5174
5175
5175
5175
5176
5178
5179
5180
5182
5182
5182
5183
5185
5185
5188
5189
5192
5194
5196
5198
5198
5198
5199
5200
5203
5204
5206
5207
5209
5209
5209
5211
5211
5211
5211
5211
5212
5212
5213
5217
5217
5218
5219
5221
5224
5226
5226
5227
5227
5228
5228
5229
5230
5231
5232
5233
5233
5234
5236
5236
5238
5241
5242
5244
5244
5245
5245
5245
5245
5246
5246
5247
5247
5247
5249
5250
5250
5251
5252
5253
5253
5254
5255
5255
5256
5257
5257
5258
5259
5262
5262
5263
5263
5264
5264
5265
5266
5268
5269
5270
5272
5272
5273
5273
5273
5274
5276
5277
5278
5278
5280
5280
5280
5282
5283
5283
5285
5285
5286
5287
5288
5289
5290
5291
5292
5293
5294
5295
5295
5298
5301
5301
5303
5303
5303
5303
5304
5306
5307
5307
5308
5308
5308
5308
5310
5311
5312
5313
5313
5314
5315
5315
5316
5316
5316
5316
5318
5320
5320
5321
5322
5323
5324
5324
5325
5326
5328
5328
5330
5331
5332
5332
5332
5332
5332
5333
5334
5335
5337
5340
5341
5342
5343
5344
5344
5346
5348
5348
5349
5349
5351
5351
5353
5353
5355
5356
5358
5359
5361
5362
5362
5362
5362
5363
5364
5364
5365
5367
5368
5370
5370
5372
5374
5375
5375
5376
5377
5379
5379
5379
5380
5381
5382
5383
5386
5386
5388
5388
5388
5390
5391
5391
5393
5394
5395
5396
5397
5398
5398
5400
5402
5403
5405
5405
5406
5407
5407
5407
5408
5409
5411
5413
5413
5414
5415
5417
5417
5417
5417
5418
5420
5421
5422
5423
5424
5428
5428
5429
5429
5430
5432
5432
5433
5434
5436
5436
5437
5438
5439
5439
5440
5441
5444
5447
5448
5449
5449
5451
5453
5453
5453
5454
5454
5455
5455
5456
5457
5458
5461
5462
5464
5465
5466
5469
5469
5469
5471
5471
5471
5474
5477
5478
5480
5480
5482
5482
5482
5484
5485
5486
5487
5487
5488
5488
5490
5490
5491
5492
5493
5493
5494
5496
5499
5501
5501
5504
5504
5504
5504
5504
5505
5506
5506
5506
5508
5509
5509
5512
5512
5514
5514
5515
5517
5518
5521
5521
5522
5523
5526
5527
5528
5529
5530
5531
5534
5535
5536
5537
5539
5541
5542
5545
5546
5546
5546
5546
5547
5547
5548
5549
5549
5549
5549
5550
5551
5551
5551
5552
5552
5554
5554
5556
5557
5557
5558
5558
5559
5559
5560
5561
5562
5563
5564
5565
5566
5566
5567
5567
5568
5569
5569
5571
5573
5574
5574
5574
5574
5576
5577
5578
5579
5580
5582
5582
5584
5584
5585
5585
5586
5586
5586
5587
5587
5591
5591
5592
5592
5593
5595
5596
5596
5597
5602
5603
5604
5604
5606
5608
5608
5608
5610
5611
5611
5611
5611
5611
5616
5617
5617
5618
5619
5619
5619
5619
5620
5621
5621
5622
5624
5624
5625
5625
5625
5626
5627
5629
5629
5632
5632
5633
5634
5634
5635
5635
5637
5638
5638
5639
5639
5640
5641
5642
5643
5643
5645
5646
5646
5647
5648
5651
5655
5656
5657
5657
5658
5662
5662
5664
5664
5664
5665
5665
5666
5666
5669
5669
5670
5671
5676
5677
5678
5679
5679
5680
5681
5682
5684
5685
5686
5687
5688
5689
5691
5691
5693
5694
5694
5695
5695
5698
5698
5698
5698
5699
5700
5700
5701
5702
5702
5703
5704
5705
5705
5706
5706
5707
5709
5709
5710
5710
5711
5711
5713
5713
5713
5713
5713
5715
5715
5715
5716
5716
5720
5721
5721
5722
5723
5724
5724
5725
5726
5726
5727
5727
5728
5728
5729
5730
5731
5733
5734
5735
5736
5737
5739
5739
5741
5742
5745
5748
5750
5750
5750
5753
5755
5757
5758
5759
5759
5760
5760
5761
5762
5763
5764
5764
5767
5768
5768
5770
5771
5772
5773
5775
5776
5779
5782
5783
5784
5785
5786
5790
5792
5792
5792
5793
5793
5794
5795
5796
5796
5797
5798
5798
5800
5804
5804
5804
5805
5805
5805
5805
5806
5807
5808
5809
5809
5810
5811
5812
5814
5815
5815
5815
5816
5816
5817
5818
5823
5824
5825
5826
5831
5832
5833
5836
5836
5837
5837
5838
5839
5839
5839
5840
5843
5847
5850
5851
5853
5854
5855
5856
5858
5859
5862
5863
5863
5866
5866
5866
5867
5869
5870
5870
5870
5872
5872
5872
5874
5874
5874
5876
5876
5876
5877
5877
5878
5879
5879
5881
5881
5882
5882
5884
5886
5887
5887
5888
5893
5894
5897
5897
5898
5898
5898
5900
5901
5903
5903
5904
5904
5904
5904
5905
5906
5907
5908
5908
5909
5909
5910
5910
5910
5911
5912
5912
5913
5914
5915
5915
5922
5922
5923
5924
5925
5925
5927
5928
5932
5932
5934
5935
5935
5936
5938
5938
5938
5939
5939
5940
5940
5941
5942
5942
5942
5944
5944
5945
5945
5947
5948
5950
5950
5950
5950
5950
5951
5952
5952
5955
5959
5961
5962
5963
5967
5967
5971
5972
5972
5972
5975
5976
5977
5977
5979
5981
5982
5984
5985
5987
5987
5989
5989
5989
5990
5993
5994
5997
5997
5997
5997
5997
5998
5998
5998
5999
6000
6001
6002
6006
6009
6009
6009
6009
6010
6013
6016
6018
6019
6020
6020
6021
6022
6023
6023
6023
6025
6026
6027
6028
6033
6034
6034
6036
6039
6040
6040
6041
6041
6045
6047
6047
6047
6048
6048
6048
6049
6049
6051
6052
6052
6054
6055
6055
6056
6056
6057
6057
6059
6060
6060
6062
6064
6064
6065
6065
6065
6066
6067
6067
6069
6070
6071
6073
6077
6078
6079
6080
6080
6081
6083
6084
6084
6086
6087
6088
6088
6088
6089
6090
6090
6091
6091
6093
6095
6095
6096
6098
6098
6099
6099
6099
6101
6101
6102
6102
6102
6103
6106
6110
6110
6111
6111
6111
6112
6112
6112
6114
6115
6115
6116
6116
6120
6124
6124
6125
6127
6127
6128
6128
6129
6130
6130
6132
6132
6133
6133
6133
6137
6138
6138
6139
6140
6140
6141
6141
6142
6144
6144
6144
6145
6145
6145
6146
6147
6148
6149
6155
6156
6156
6157
6160
6162
6162
6162
6162
6163
6164
6164
6164
6165
6165
6168
6172
6173
6174
6175
6177
6179
6179
6181
6181
6183
6186
6187
6188
6189
6190
6191
6192
6193
6194
6195
6195
6195
6196
6197
6200
6200
6203
6203
6204
6205
6207
6207
6207
6209
6209
6209
6210
6212
6213
6214
6215
6215
6217
6219
6219
6219
6221
6221
6221
6222
6222
6223
6225
6225
6225
6226
6227
6229
6229
6229
6230
6230
6232
6232
6233
6233
6233
6234
6234
6235
6236
6236
6237
6238
6239
6240
6243
6243
6244
6244
6244
6246
6246
6248
6248
6251
6252
6252
6252
6254
6254
6254
6255
6257
6257
6260
6261
6261
6267
6268
6268
6269
6269
6270
6271
6272
6272
6274
6274
6275
6276
6276
6277
6278
6278
6279
6279
6280
6282
6283
6284
6285
6286
6287
6288
6288
6289
6290
6291
6291
6295
6298
6300
6300
6301
6303
6303
6304
6305
6305
6306
6307
6307
6307
6308
6312
6312
6312
6313
6313
6314
6315
6316
6316
6316
6316
6318
6320
6320
6321
6322
6323
6324
6324
6325
6326
6328
6328
6329
6332
6332
6333
6340
6341
6342
6344
6344
6345
6345
6346
6348
6349
6349
6350
6350
6351
6353
6355
6356
6360
6361
6362
6363
6364
6367
6370
6370
6370
6370
6370
6370
6370
6372
6373
6375
6375
6376
6376
6376
6378
6380
6380
6382
6383
6386
6387
6388
6389
6389
6390
6391
6391
6392
6392
6393
6393
6394
6396
6397
6397
6398
6398
6399
6405
6408
6408
6409
6410
6410
6410
6411
6413
6414
6415
6416
6417
6418
6418
6419
6419
6420
6420
6420
6422
6424
6424
6426
6428
6428
6429
6429
6431
6431
6431
6432
6434
6435
6437
6437
6439
6442
6442
6443
6444
6445
6445
6445
6447
6448
6454
6455
6455
6456
6457
6457
6458
6458
6458
6459
6461
6464
6465
6467
6467
6468
6468
6469
6470
6470
6470
6470
6471
6472
6472
6472
6472
6473
6474
6476
6477
6477
6478
6478
6481
6486
6487
6488
6491
6491
6491
6493
6493
6496
6496
6499
6500
6503
6503
6504
6504
6505
6507
6508
6508
6509
6509
6510
6510
6511
6515
6518
6518
6519
6519
6520
6521
6522
6525
6525
6526
6527
6528
6529
6529
6531
6531
6531
6534
6534
6535
6536
6536
6537
6538
6538
6538
6539
6540
6540
6540
6540
6542
6543
6543
6545
6546
6546
6548
6548
6550
6550
6550
6552
6553
6553
6554
6556
6559
6560
6561
6561
6562
6562
6564
6564
6564
6565
6568
6568
6568
6569
6571
6571
6575
6577
6580
6581
6582
6582
6583
6584
6586
6586
6587
6587
6587
6588
6588
6590
6592
6596
6597
6598
6599
6601
6603
6603
6603
6604
6606
6609
6609
6609
6611
6613
6614
6614
6614
6616
6616
6617
6620
6623
6623
6624
6625
6626
6627
6628
6629
6629
6631
6631
6631
6632
6632
6632
6633
6635
6638
6638
6640
6640
6644
6648
6649
6649
6650
6651
6653
6653
6654
6656
6658
6659
6659
6660
6662
6665
6667
6668
6668
6669
6670
6670
6671
6674
6674
6674
6676
6677
6678
6678
6678
6679
6679
6679
6680
6681
6681
6685
6685
6686
6686
6689
6690
6691
6691
6693
6693
6695
6696
6696
6697
6701
6702
6702
6705
6707
6707
6707
6707
6709
6709
6710
6712
6713
6714
6714
6715
6716
6716
6717
6718
6718
6720
6720
6720
6721
6721
6721
6722
6722
6722
6723
6727
6728
6730
6731
6731
6731
6731
6731
6733
6733
6736
6736
6739
6739
6740
6740
6740
6741
6744
6745
6747
6747
6748
6749
6749
6749
6750
6752
6752
6753
6754
6755
6755
6756
6756
6757
6757
6759
6760
6761
6761
6761
6761
6762
6763
6763
6763
6764
6765
6765
6769
6769
6770
6771
6772
6773
6775
6775
6776
6780
6780
6781
6783
6783
6786
6787
6791
6792
6793
6793
6793
6795
6798
6799
6799
6802
6804
6804
6804
6805
6805
6806
6807
6808
6809
6811
6811
6812
6812
6815
6816
6817
6817
6820
6822
6823
6823
6824
6827
6828
6828
6829
6830
6830
6830
6830
6831
6832
6836
6836
6836
6836
6839
6839
6840
6842
6842
6843
6843
6843
6845
6845
6845
6845
6847
6847
6847
6848
6849
6850
6853
6853
6853
6854
6855
6856
6856
6857
6858
6859
6860
6861
6862
6862
6865
6867
6867
6867
6868
6869
6870
6871
6873
6873
6873
6875
6876
6876
6877
6878
6879
6880
6880
6882
6882
6883
6884
6885
6886
6886
6887
6888
6889
6889
6890
6890
6890
6891
6891
6892
6892
6893
6894
6894
6897
6897
6899
6900
6901
6901
6903
6903
6903
6904
6904
6907
6908
6908
6908
6909
6912
6916
6916
6918
6918
6919
6919
6920
6920
6921
6922
6924
6926
6926
6926
6926
6927
6927
6927
6928
6931
6931
6933
6934
6934
6935
6936
6937
6937
6937
6937
6938
6940
6940
6940
6940
6941
6944
6945
6945
6945
6946
6948
6948
6948
6949
6952
6952
6952
6953
6954
6958
6959
6959
6959
6960
6961
6961
6963
6964
6964
6965
6965
6965
6965
6965
6967
6968
6969
6973
6973
6973
6974
6974
6974
6975
6977
6978
6979
6980
6980
6981
6983
6985
6986
6986
6987
6988
6988
6988
6991
6991
6991
6993
6994
6996
6996
6997
6998
6998
7000
7001
7001
7001
7002
7003
7003
7005
7006
7006
7007
7008
7008
7009
7010
7012
7013
7022
7023
7023
7023
7025
7025
7027
7027
7028
7030
7030
7030
7030
7031
7032
7032
7032
7032
7033
7033
7034
7037
7038
7039
7041
7041
7042
7042
7043
7044
7046
7046
7047
7047
7047
7051
7054
7054
7055
7056
7057
7058
7058
7060
7061
7063
7063
7065
7066
7066
7066
7066
7071
7072
7072
7073
7074
7075
7076
7078
7081
7084
7084
7084
7086
7091
7091
7092
7092
7094
7095
7095
7097
7099
7099
7101
7102
7102
7104
7104
7104
7104
7105
7105
7108
7109
7109
7109
7110
7110
7110
7111
7111
7113
7114
7116
7117
7118
7119
7119
7121
7122
7122
7122
7124
7124
7127
7128
7128
7129
7129
7129
7130
7131
7131
7132
7134
7137
7139
7140
7143
7143
7144
7144
7145
7146
7146
7146
7150
7150
7150
7152
7152
7153
7154
7154
7156
7157
7157
7158
7159
7160
7160
7163
7164
7166
7167
7168
7168
7171
7172
7172
7173
7173
7173
7176
7176
7178
7179
7181
7182
7183
7183
7185
7186
7188
7188
7188
7189
7189
7195
7195
7196
7197
7198
7198
7202
7203
7204
7204
7205
7206
7206
7208
7210
7211
7213
7214
7214
7215
7220
7220
7221
7225
7226
7227
7228
7229
7229
7230
7231
7233
7234
7236
7237
7238
7240
7242
7243
7245
7246
7248
7248
7249
7250
7250
7251
7251
7255
7256
7257
7260
7260
7260
7260
7263
7266
7268
7269
7270
7270
7271
7271
7271
7271
7273
7273
7274
7274
7275
7276
7277
7277
7278
7279
7281
7281
7283
7283
7284
7287
7290
7291
7291
7291
7293
7294
7294
7295
7296
7296
7297
7300
7300
7301
7301
7303
7304
7304
7306
7307
7308
7311
7312
7312
7312
7313
7313
7313
7317
7321
7321
7321
7325
7325
7327
7328
7329
7330
7331
7331
7331
7333
7335
7336
7337
7338
7338
7340
7342
7343
7345
7345
7345
7346
7346
7348
7348
7349
7351
7351
7351
7354
7355
7356
7356
7356
7358
7358
7358
7359
7362
7362
7362
7364
7365
7366
7366
7367
7367
7368
7368
7372
7372
7373
7373
7374
7374
7374
7375
7376
7376
7378
7379
7379
7379
7380
7382
7383
7383
7384
7385
7386
7386
7388
7389
7390
7390
7392
7392
7396
7397
7398
7399
7400
7403
7403
7404
7405
7406
7407
7407
7411
7412
7413
7415
7416
7418
7420
7420
7421
7421
7422
7422
7422
7426
7427
7427
7427
7428
7428
7428
7429
7430
7432
7433
7433
7433
7434
7435
7436
7436
7436
7436
7438
7438
7439
7441
7441
7443
7443
7443
7443
7444
7444
7445
7446
7446
7447
7447
7448
7448
7450
7451
7451
7452
7453
7454
7455
7455
7457
7457
7458
7458
7459
7462
7462
7463
7464
7466
7466
7466
7469
7469
7469
7470
7470
7470
7471
7472
7472
7475
7475
7475
7475
7477
7477
7478
7479
7479
7479
7480
7480
7480
7485
7486
7488
7489
7489
7490
7491
7491
7491
7492
7493
7493
7494
7494
7496
7497
7497
7498
7500
7500
7503
7503
7505
7507
7507
7508
7511
7511
7511
7512
7513
7514
7515
7516
7518
7518
7518
7518
7520
7522
7523
7524
7525
7525
7527
7528
7528
7530
7530
7531
7531
7531
7534
7537
7540
7541
7542
7543
7543
7543
7543
7544
7545
7546
7547
7548
7549
7549
7549
7549
7549
7549
7550
7554
7555
7556
7556
7556
7559
7560
7561
7561
7561
7562
7562
7562
7564
7564
7568
7568
7569
7571
7572
7573
7574
7574
7574
7575
7575
7576
7577
7577
7580
7582
7583
7583
7584
7584
7584
7585
7585
7586
7589
7589
7589
7593
7593
7595
7595
7598
7600
7600
7605
7607
7607
7608
7608
7611
7611
7613
7613
7615
7617
7620
7620
7624
7624
7624
7626
7626
7627
7628
7629
7630
7631
7632
7632
7632
7633
7636
7636
7639
7639
7639
7640
7640
7642
7645
7646
7647
7648
7648
7648
7648
7650
7651
7655
7657
7658
7660
7661
7661
7662
7663
7663
7666
7666
7666
7667
7668
7669
7670
7671
7671
7672
7673
7674
7675
7675
7677
7679
7679
7681
7683
7684
7685
7685
7685
7685
7686
7686
7688
7689
7691
7691
7691
7692
7695
7700
7701
7703
7704
7706
7708
7708
7709
7709
7710
7711
7712
7712
7713
7714
7716
7717
7718
7718
7721
7723
7723
7724
7728
7729
7730
7731
7733
7733
7734
7734
7735
7737
7737
7737
7739
7739
7740
7740
7741
7741
7742
7743
7747
7747
7749
7750
7750
7751
7752
7752
7753
7755
7755
7756
7758
7759
7759
7760
7760
7761
7762
7762
7763
7764
7765
7766
7766
7769
7771
7774
7775
7778
7778
7779
7780
7785
7785
7786
7788
7790
7791
7791
7792
7792
7795
7795
7796
7798
7799
7800
7801
7801
7801
7801
7801
7802
7804
7804
7805
7805
7807
7808
7808
7809
7810
7810
7811
7814
7815
7817
7821
7823
7823
7824
7824
7826
7827
7827
7827
7828
7831
7831
7833
7833
7834
7837
7837
7837
7837
7838
7840
7840
7841
7846
7846
7847
7847
7848
7849
7849
7850
7852
7853
7855
7855
7860
7862
7862
7863
7864
7865
7865
7867
7867
7867
7867
7868
7869
7869
7871
7871
7872
7873
7875
7878
7878
7880
7880
7881
7881
7882
7883
7883
7887
7890
7891
7892
7893
7894
7894
7896
7898
7902
7903
7903
7904
7906
7906
7906
7907
7907
7908
7908
7909
7910
7911
7912
7913
7914
7914
7914
7916
7917
7917
7917
7917
7918
7920
7921
7921
7921
7923
7923
7924
7925
7927
7928
7929
7931
7932
7933
7935
7936
7936
7938
7939
7940
7943
7943
7944
7944
7944
7945
7945
7946
7947
7947
7948
7948
7948
7949
7949
7951
7954
7955
7955
7956
7959
7960
7961
7962
7963
7963
7964
7965
7966
7967
7967
7972
7973
7973
7974
7974
7974
7975
7976
7977
7977
7977
7978
7978
7978
7979
7981
7983
7986
7986
7986
7987
7990
7991
7991
7991
7991
7992
7992
7993
7995
7996
7997
7997
7998
7998
7999
8001
8003
8004
8005
8005
8006
8008
8009
8009
8010
8010
8013
8014
8014
8014
8016
8016
8016
8019
8021
8023
8024
8026
8026
8026
8028
8029
8029
8029
8030
8031
8031
8031
8033
8034
8034
8034
8038
8042
8043
8043
8044
8045
8046
8047
8048
8049
8051
8052
8054
8055
8056
8056
8056
8057
8057
8058
8059
8059
8059
8065
8066
8067
8071
8071
8071
8074
8076
8078
8081
8081
8082
8082
8082
8087
8087
8089
8089
8090
8090
8091
8092
8094
8095
8096
8097
8099
8100
8101
8101
8104
8106
8106
8108
8108
8110
8112
8113
8113
8113
8116
8119
8119
8119
8120
8126
8126
8129
8130
8130
8134
8134
8137
8137
8137
8138
8140
8141
8144
8145
8145
8146
8146
8150
8150
8150
8151
8151
8151
8152
8152
8153
8153
8155
8155
8156
8158
8160
8161
8161
8163
8163
8165
8166
8166
8167
8168
8171
8172
8172
8173
8174
8176
8176
8181
8181
8184
8184
8185
8186
8186
8187
8188
8189
8189
8189
8189
8190
8192
8192
8194
8194
8195
8195
8195
8195
8195
8196
8196
8197
8197
8198
8198
8199
8200
8201
8201
8201
8202
8204
8204
8205
8205
8206
8206
8206
8209
8209
8210
8212
8213
8213
8214
8214
8215
8216
8218
8219
8219
8220
8221
8222
8223
8225
8225
8229
8229
8231
8231
8232
8232
8233
8233
8236
8236
8236
8236
8238
8238
8239
8240
8242
8242
8242
8244
8245
8245
8245
8247
8247
8247
8247
8250
8251
8254
8255
8255
8257
8257
8258
8258
8259
8260
8261
8262
8262
8262
8264
8264
8267
8268
8269
8269
8270
8271
8273
8275
8276
8276
8276
8277
8277
8279
8280
8281
8281
8281
8281
8284
8284
8285
8285
8286
8287
8288
8290
8290
8291
8292
8294
8294
8294
8295
8296
8297
8300
8301
8301
8304
8305
8306
8307
8308
8309
8310
8311
8313
8313
8313
8314
8314
8315
8316
8317
8317
8317
8320
8321
8322
8322
8324
8326
8326
8327
8327
8328
8328
8328
8329
8329
8331
8331
8333
8334
8334
8335
8336
8336
8337
8339
8339
8341
8343
8346
8346
8346
8350
8351
8351
8351
8352
8353
8354
8354
8355
8356
8356
8356
8356
8357
8358
8359
8360
8360
8360
8361
8362
8363
8363
8363
8364
8365
8366
8367
8367
8368
8368
8372
8373
8374
8374
8374
8374
8378
8380
8380
8381
8382
8383
8385
8386
8387
8388
8390
8390
8391
8391
8393
8393
8394
8397
8397
8397
8398
8399
8399
8401
8404
8405
8405
8407
8409
8409
8413
8416
8417
8418
8418
8419
8420
8420
8421
8421
8421
8421
8422
8423
8424
8425
8426
8426
8426
8428
8428
8431
8431
8431
8432
8432
8433
8433
8434
8435
8435
8436
8437
8437
8439
8440
8441
8441
8442
8445
8445
8445
8446
8446
8448
8448
8450
8452
8453
8453
8453
8454
8456
8456
8457
8459
8460
8464
8464
8466
8467
8468
8470
8471
8471
8471
8475
8477
8477
8478
8478
8479
8479
8479
8482
8482
8484
8485
8486
8487
8487
8487
8488
8489
8489
8489
8490
8490
8492
8495
8495
8496
8496
8498
8500
8500
8501
8504
8504
8505
8509
8510
8512
8512
8512
8517
8520
8520
8520
8520
8521
8522
8522
8522
8524
8524
8525
8525
8528
8528
8529
8530
8530
8534
8534
8535
8535
8536
8537
8537
8537
8537
8538
8538
8540
8542
8544
8545
8546
8549
8549
8550
8550
8551
8551
8553
8553
8555
8555
8557
8558
8559
8561
8562
8563
8564
8564
8566
8566
8566
8567
8568
8572
8573
8576
8577
8577
8578
8578
8578
8578
8578
8579
8579
8580
8581
8581
8582
8583
8585
8585
8585
8586
8587
8587
8587
8588
8588
8589
8589
8589
8589
8592
8592
8593
8594
8596
8596
8597
8597
8597
8599
8600
8601
8601
8604
8604
8605
8605
8608
8608
8609
8612
8612
8614
8615
8616
8617
8619
8622
8624
8624
8624
8625
8625
8628
8630
8630
8630
8630
8632
8636
8636
8638
8638
8638
8639
8639
8641
8643
8645
8646
8646
8646
8647
8648
8649
8649
8650
8651
8651
8651
8651
8652
8652
8655
8655
8659
8659
8659
8660
8662
8663
8663
8663
8664
8665
8665
8667
8668
8669
8670
8670
8670
8670
8670
8671
8672
8672
8676
8676
8678
8678
8680
8681
8682
8683
8683
8685
8688
8690
8690
8696
8696
8696
8697
8698
8699
8699
8701
8702
8703
8703
8704
8705
8706
8708
8711
8712
8713
8713
8714
8714
8715
8718
8718
8718
8719
8720
8720
8723
8723
8724
8725
8725
8726
8726
8726
8728
8728
8728
8731
8731
8732
8732
8732
8732
8733
8734
8736
8736
8736
8737
8737
8737
8738
8740
8742
8743
8744
8747
8748
8748
8749
8749
8754
8754
8755
8756
8757
8757
8758
8759
8759
8759
8760
8760
8760
8761
8761
8763
8764
8765
8766
8767
8771
8771
8772
8773
8774
8775
8775
8779
8781
8781
8781
8782
8784
8786
8787
8787
8788
8788
8788
8790
8791
8791
8791
8797
8797
8797
8799
8799
8800
8800
8801
8802
8803
8803
8804
8806
8806
8807
8807
8808
8808
8809
8810
8811
8812
8814
8815
8817
8818
8819
8819
8819
8819
8820
8820
8821
8821
8822
8822
8823
8824
8824
8825
8826
8827
8828
8828
8830
8830
8831
8832
8835
8837
8838
8838
8839
8839
8839
8840
8840
8845
8847
8848
8849
8849
8850
8850
8851
8851
8852
8853
8853
8853
8854
8854
8854
8855
8856
8856
8856
8857
8857
8861
8861
8863
8865
8866
8866
8867
8867
8869
8871
8872
8873
8874
8874
8874
8875
8877
8877
8879
8880
8880
8882
8884
8884
8885
8885
8887
8887
8889
8889
8890
8891
8891
8891
8892
8892
8894
8894
8895
8897
8899
8899
8900
8900
8901
8903
8904
8905
8905
8906
8907
8907
8908
8908
8908
8909
8910
8915
8916
8917
8917
8919
8919
8920
8921
8922
8925
8926
8928
8929
8929
8929
8930
8930
8931
8931
8931
8932
8933
8934
8936
8936
8938
8938
8941
8941
8942
8942
8943
8943
8943
8946
8947
8948
8948
8949
8950
8951
8951
8952
8953
8955
8958
8959
8960
8961
8962
8963
8963
8964
8964
8965
8966
8968
8969
8969
8973
8974
8974
8975
8977
8977
8977
8978
8979
8979
8980
8981
8981
8983
8983
8984
8984
8987
8987
8989
8990
8992
8994
8994
8994
8995
8997
8998
8998
8999
9000
9002
9002
9003
9005
9006
9006
9006
9007
9008
9009
9010
9011
9012
9015
9016
9017
9018
9019
9021
9022
9022
9023
9023
9028
9028
9030
9032
9033
9034
9035
9036
9037
9037
9038
9040
9040
9040
9040
9042
9043
9043
9043
9044
9045
9045
9046
9047
9048
9049
9049
9050
9050
9054
9057
9057
9059
9059
9060
9061
9063
9064
9065
9065
9067
9068
9070
9070
9070
9071
9073
9073
9074
9075
9076
9076
9076
9077
9077
9078
9078
9078
9079
9079
9082
9082
9083
9083
9084
9088
9089
9090
9091
9097
9098
9098
9098
9103
9105
9105
9105
9106
9107
9109
9110
9111
9112
9113
9115
9115
9116
9116
9119
9119
9120
9121
9123
9125
9128
9128
9129
9129
9129
9132
9132
9133
9134
9135
9136
9137
9138
9138
9139
9139
9140
9140
9140
9142
9144
9145
9145
9146
9148
9148
9149
9149
9150
9151
9151
9152
9153
9153
9154
9156
9157
9158
9158
9159
9159
9159
9159
9160
9161
9166
9166
9168
9168
9169
9171
9172
9173
9173
9173
9174
9174
9174
9175
9175
9176
9177
9179
9179
9179
9179
9180
9181
9182
9184
9185
9187
9188
9189
9189
9190
9190
9191
9191
9193
9195
9195
9195
9195
9195
9195
9196
9197
9198
9199
9199
9203
9203
9204
9204
9204
9204
9205
9209
9209
9210
9211
9212
9212
9213
9213
9214
9214
9215
9215
9216
9216
9218
9218
9218
9220
9222
9223
9224
9226
9226
9229
9230
9230
9231
9231
9231
9232
9233
9234
9235
9236
9236
9237
9237
9239
9239
9241
9242
9242
9243
9245
9247
9250
9251
9251
9255
9257
9257
9257
9260
9262
9264
9265
9266
9266
9268
9268
9269
9269
9270
9270
9271
9272
9273
9273
9274
9274
9275
9275
9277
9278
9278
9279
9280
9280
9281
9281
9282
9282
9284
9284
9284
9289
9289
9289
9290
9290
9291
9294
9297
9299
9300
9301
9301
9303
9303
9304
9305
9305
9307
9308
9309
9311
9311
9312
9314
9314
9315
9315
9316
9316
9319
9323
9323
9324
9324
9326
9329
9329
9330
9334
9336
9340
9340
9341
9342
9342
9343
9344
9344
9344
9345
9346
9347
9347
9347
9347
9351
9351
9351
9352
9356
9357
9358
9358
9358
9361
9362
9363
9367
9367
9368
9369
9370
9371
9371
9372
9373
9373
9373
9374
9375
9375
9377
9377
9379
9380
9381
9381
9382
9385
9385
9386
9386
9387
9388
9389
9390
9392
9393
9394
9394
9395
9396
9398
9399
9399
9399
9401
9402
9402
9403
9405
9406
9407
9410
9412
9413
9414
9414
9415
9417
9417
9418
9418
9420
9422
9423
9424
9424
9425
9426
9428
9429
9431
9432
9432
9432
9433
9434
9436
9436
9437
9440
9441
9442
9442
9442
9442
9443
9445
9445
9446
9447
9448
9448
9449
9449
9449
9450
9450
9451
9451
9453
9455
9455
9455
9455
9456
9456
9457
9458
9459
9459
9460
9460
9462
9463
9463
9464
9465
9465
9465
9466
9467
9467
9468
9469
9469
9469
9470
9472
9473
9473
9477
9480
9480
9480
9480
9482
9485
9487
9487
9488
9488
9489
9490
9490
9493
9495
9499
9499
9502
9503
9503
9504
9506
9506
9507
9507
9507
9509
9509
9510
9510
9512
9512
9512
9513
9516
9518
9519
9520
9523
9523
9525
9526
9526
9528
9528
9532
9533
9533
9534
9534
9535
9535
9535
9536
9537
9538
9538
9540
9541
9542
9542
9543
9543
9544
9544
9546
9547
9547
9548
9550
9551
9551
9552
9553
9556
9556
9556
9558
9558
9560
9563
9567
9567
9568
9568
9569
9570
9571
9572
9574
9576
9576
9578
9579
9580
9581
9582
9583
9584
9584
9584
9585
9585
9585
9585
9586
9587
9588
9590
9593
9594
9594
9600
9602
9604
9605
9607
9607
9607
9608
9608
9608
9609
9609
9612
9612
9613
9613
9615
9615
9617
9617
9618
9620
9623
9624
9624
9624
9626
9627
9627
9628
9629
9630
9631
9632
9633
9633
9634
9634
9634
9635
9636
9638
9639
9640
9641
9642
9642
9643
9643
9646
9646
9647
9647
9651
9652
9653
9654
9655
9656
9656
9658
9660
9661
9661
9661
9663
9663
9663
9663
9663
9663
9663
9665
9665
9665
9666
9666
9670
9671
9673
9675
9676
9676
9676
9679
9679
9680
9680
9681
9681
9681
9681
9682
9684
9684
9685
9686
9686
9687
9689
9689
9690
9691
9692
9692
9693
9693
9696
9696
9696
9698
9699
9699
9701
9701
9702
9702
9704
9705
9705
9708
9709
9710
9711
9712
9713
9714
9716
9717
9718
9718
9719
9720
9721
9724
9725
9726
9728
9729
9731
9732
9732
9733
9734
9735
9735
9736
9736
9737
9737
9737
9737
9738
9740
9741
9742
9747
9748
9751
9752
9753
9756
9757
9757
9757
9759
9759
9759
9760
9760
9760
9761
9761
9762
9762
9762
9763
9763
9763
9763
9765
9766
9767
9768
9768
9770
9770
9770
9770
9772
9772
9773
9773
9773
9774
9777
9778
9780
9783
9785
9789
9790
9794
9794
9796
9798
9800
9801
9802
9802
9804
9804
9805
9806
9807
9808
9809
9809
9809
9812
9813
9815
9816
9816
9819
9819
9820
9820
9820
9821
9823
9824
9825
9827
9827
9827
9829
9829
9830
9830
9831
9833
9833
9834
9837
9837
9838
9838
9840
9840
9840
9840
9842
9843
9844
9844
9846
9848
9849
9849
9851
9851
9852
9853
9853
9853
9854
9855
9856
9860
9861
9861
9863
9863
9864
9869
9869
9870
9870
9871
9872
9873
9873
9873
9873
9875
9876
9876
9879
9879
9880
9880
9881
9883
9884
9884
9887
9887
9888
9888
9888
9889
9892
9893
9894
9894
9894
9895
9897
9897
9898
9899
9899
9902
9903
9903
9904
9905
9907
9910
9913
9916
9917
9919
9920
9921
9922
9922
9923
9924
9925
9927
9929
9931
9931
9932
9932
9933
9933
9934
9936
9936
9937
9938
9939
9940
9941
9941
9942
9943
9943
9946
9946
9947
9947
9947
9948
9950
9950
9951
9951
9951
9953
9953
9953
9954
9954
9955
9956
9957
9960
9961
9962
9966
9968
9969
9969
9970
9970
9970
9971
9971
9973
9974
9976
9979
9980
9983
9983
9983
9983
9984
9984
9985
9985
9988
9988
9989
9989
9989
9989
9990
9992
9995
9996
9996
9997
9998
9998
9998
9998
9999
9999
