7710856152143206203782506502071232433290668568664339894810831673758499612813225764537857177660566607900954013544341514715025130546517536883816032218988077
6318126748369774100380972671004723803140855318827262146935428688109514207100757807444595906894335537428462928539819076637920390364954776090738493025447196
4130671946855805909940257419751602944012893789713403090235920789669114294418783725791384472309961958146174658805349298315495858760721577071882720901330202
4181441745805533746717273784500461508134076677504591648502464397927554845159208284547173738391304960110685388471728567481156867711490596145283864235373644
5494134794318327644580034167461924222351534798088099296470363694704344840650681029425780087841819782863582110463954275779489153847179851713742964199309653
7013375564526667493991178482327435050041134287562399440896447511589772650358082832668407555964798833825883600053373866486461313972827589352706372148297668
7678308994157639648644539689729394114482236482075358144772698982759241280574256663366256669119425909249571023102405697071705994779865396577289792405296766
6948172604528856485630939446589543970814023812824759339624315766280725821110008670663095882571611702623371341768829026551582925490988038122465819462269885
5461612267481143248001114460462225733537104940057459926489871062949377230462849547871149326342006423018298304607261506301642296756067896823302836081973589
2288249574128740519017587248225756061014692667823229535351774712666635276380708695080196602055360154601811104367917662746480047777466812925668279620209000
2943879381904566901198177654291367385823951352627150442486091554124607402600142260087128375398602655760673912149453599672039999601894638877625702969061335
2255959733210419962869453424186134378011307934678236863900259588957532245941836487421215270378657543269550359782861690959086724635536384550236189917719925
5714740675953739590307601151826989764706775172317064388682630991751496915065327549830443667972477908490893278531509413666637433493913715420458950698272522
2929682929125465487359406849404561062596541381559905002106649965434931659381195534421981934368614728844725355095289913717370027459774902704200710718798788
2953087822917645272259010647108254298883992557116809732629792341425770096823870158203980570633780724724225369914153982802006154667050023211875022054839076
2941844855624562810511915903619880504069690264847233517216501944714343157098870200036070479133180824544422687588115380295251992941994089830641988557936098
73792179464088997759637414814534159874378168540026761664401644320741773460657067682191744677151226993988962788188768416928413198225960963815289061174566
978693800667161192760881327274566003215512731700124840214350413839612418727491822962974517125395153383149142270375437526613950666509719408400290400613595
1118323781139780337861841704875890700607086523385481940442202551628107385654248414747191497785954669249621641327051131263479270274335444811575875596166435
3322425281331682168686214615367653610377387969857142302332039309017265993103902929388477229660440366684159478721472594654443722585796568518295262264093449
2105628960710847769924538395969090193259419649394289215989156175351955817035273818618021711702023197722678562956836179921699331239361562538375388022508458
3325319862599911393350614330166752978852473250858418251567916723802980321254469515818600483019302329708442953252474217273452499648477343366293323741305051
425726636293914757846562073129027119602738180023863807900552832248970550798428212172062675982990271078486139811129134809000682639153288497156595819513331
6920333101446980070902635405521296959745535854299495782059553498503538270552497220326137944331427589791569325345349889573399303818500199715587026768852928
2426294535580482608086044913108809960170661965912508373988734973443424610167070295640301962954289653556492098716508295070562553726675428801876444255050802
3170740878634077065104644294660439158693585588722102541919512582075636035906989465502222155038726987083958022976222538464767077664721352286839395673498799
5051056464710966967169843144706306968872014647879979686552070632891720772605204256460671868325195242241274391999475879709650470682183862047676188167460376
7141151578247474016853477044119902327348265094262215164547011235642078300449764666206303333818382635497624846874438052028937220720980425558975632037242532
4279329333691594927078422812275370413597301192411805048708439928826473742569897018950100710543001661606508583667085667545860140700768071608755634971627446
4666668412270919391991208508638702683848267426040105426479365655913549686012068051926592811689985124170734631675763399825758463476117731624841270020131231
5397896954369627517950843333295163615158143804461301225017180904702383961241134066943163590934660546835163841735137137781099411690585317651192338742035742
7010795004698358293097352114759135857284368633043541846753693484248967105822805116417288844152851084562990816840672964297068813005524360935993821687140498
3426198509567624057699791537585305480124792637094465297176037881765444321167504121178059125062156525718273188001111133377548318815506796059200584583913852
3283823694168566322348504689808663768954043775466863242490700861596547978920090652630345969817265319736288123135237365350003522642105054820919244031759204
2255262345734894327106307408412454095735026263145807897799207722253820778636397948720624203273517283466320855643187759945311296383621387848718097240511342
5449303368512891521641426286424998207273806216974177032088379113408557562828844548562266146998062836808728432650953141186655216818085284239874857768393644
2054745682026606712709217296101661097796053471671613048256728994129682161327880195334038334673388359513621400670742051288944479663874716482005524573132038
4093730350342650097508270552318856789638038178208373802851521163434367507971151037158120026320828659801081007828552016167324255593162065331426689692980059
57102084673735135746692159742853623095106580647685403046341394758312272193557809295320338989353239751344861056452900270758891099014455032003203577749479
227681199729907628777285074409105218517580707034140149061379858647538829156771578668232348209579111975843632554775246462211215981335597092445263378767610
5217344062324524550098342167633490645325119154111424175281439455179704790575976616053497616018534783753115570810452558452236159178718636752592710741441225
1121063258285598703558025780382485053884917692429215686102831315192715535710499284951707155235278298270146621067952312441811905204296466478898094996593470
6575222809857473915926759829295261419315908788264681918064901099849236142774579262927232587840097539836121169995273945290211612952425267663115358192000685
7586804991786894105967899550361308630966566339082111825254045641691162739294661975582644745001621444416408154527269177074799792463676616943425941144446212
4439802121319318900653597843432189663230692294865460224880326953790075395216244403636365672467639704334499725241751576929156399659111182740778307532496161
5076785441491596162840848142347367395762476812593275109564346091549158683720079930319892529847749624520728507578031490672837759599698893384482106561107119
771084199237438427442885733146282493085331761878879642992390201402946130511396424819138357139902521980410347029894976175244732963554808000673657659013395
1734846414705321661233194876784738973262024557570941311497448787370242085866683124882267682669235737457523552699699430340360388998195507466468162352232529
6233023023367528110807366757847394213133065834637814290776413734652678517398700069055984941972500080288355524767078294515743367944024725375492749309001757
216182213027222400870050464584704434273666256289085144598817690165793962558372234089719127310333934629945752434464518311931036448720057611419753397473583
1583938267439801582707886977518891805579766179828470207376323249802321161230735911658154999744083158995164655181401081536342443381422911447336463834061429
375398621111539268108259734071223727288274064404286886078260361908493874944470554197498803022146101736402412142262539752841987295182663722698883193221064
6001241342106154443985419531879529004924126491887276383475978733059153223154501877692087685645265735382738855310376122877483656742528071594168933901147202
7412555029798039884881356434702785608231953520752503679996409170914752622154763703285385698837464692731452156905874090253197023134321527880492713426323612
6411244214684503876013348001692758100943216194077508292896414116157954022880913704913482357605833470086085421840552031345896697218831762988271956744854501
6261388668632773774216299758109556103989202230979883166735486269570368352204294405807121507580662565764924940890186990481228780561536938850361137201278637
7524975973978530606941596821920304565235985184094741577123388567003791767948718563792271600106992015849285205108503896095265595590372154509895568648349083
2150613287426100268441815230126780361285208184893618853386942397287360086402710247758396213547936569784079020224111017794054419713595758948865998798771470
4974173403511205887102992347794858252965910016723137677518506962395717505548134426898112224799762385384747101308234825130645032269698918627652788798261014
840059890247534867514435700875140164636812280967611177757433780824369249159095604804510848429973071950404482413808745911046638301227124555179666818235041
7514513019920125650890842919238884657265146664193531830957710537805115516555430476035014385933577259456542555591813526080804939107803672411101945277783858
2761329201019831290964830202555457774947291057931498035015320934324198496695367699249764859514462549001937613771932589180970632634576959922164026360085651
2761895646581506048229744203064611424338812842593222427124217004659444593044035328929208516840371875416445711566633423932994971396199189928827053344991835
7760395420311670712916876803127138846906752157668109743838565349399870426284990833710362020940438066819437249717391553028154895866558287182687476331942987
1343179355065458454877917835550625692463350257933765026053642159244415762664819087970048636627397490357675204541948695231350007418024921085345846856461272
4937133089580101577603704271045287763959819243534179580649326090686965355514714534635589869684856411764263890266789108495784664277232498699185808296272590
6969699007561977291667249678682470346803865461855491675520224651484038929558451294940294201304975734971545172258134725001554728728965121474887789659158329
6969970945038627292268492512251344617148276539361187054153720129635683621338309460112154698289059206544793136332153508795177073418246302569766614565166770
1270331874325167067747361885632761682376697370327883113268017038599812598451950410202514984345509450892790856635877316247164537130854620734189808754540329
484737783455005346818216855217898340235651727378255555434543011030353625549118317855760218154996662906026486520044847783256852086677547479427807948755461
5371295651596584885054690676419738800621816953745617402613414505376071210117605589593974873800661275721837550735940825958316028364652925686744283751447502
1655599801140147884723649324078703756725137653020319547600242049049612991324108498094132423201155062441066046677699222125443321132580875741189662319766560
7283639873116136691802870949089928668360503346799216962983526933104134085337921785478263536465627738225164377077184487419813024930061547659087175515988357
